num_vertices: 1208
num_faces: 1202
2.17 -3.31 0.00 0.38 0.31 
1.89 -3.43 0.00 0.41 0.31 
1.60 -3.31 0.00 0.44 0.31 
1.49 -3.03 0.00 0.47 0.31 
1.60 -2.75 -0.00 0.50 0.31 
1.89 -2.63 -0.00 0.53 0.31 
2.17 -2.75 -0.00 0.56 0.31 
2.29 -3.03 0.00 0.59 0.31 
2.15 -3.27 -0.27 0.38 0.32 
1.87 -3.39 -0.24 0.41 0.32 
1.59 -3.27 -0.20 0.44 0.32 
1.48 -2.99 -0.19 0.47 0.32 
1.59 -2.71 -0.20 0.50 0.32 
1.87 -2.59 -0.24 0.53 0.32 
2.15 -2.71 -0.27 0.56 0.32 
2.27 -2.99 -0.29 0.59 0.32 
2.10 -3.23 -0.54 0.38 0.32 
1.83 -3.35 -0.47 0.41 0.32 
1.55 -3.23 -0.40 0.44 0.32 
1.44 -2.95 -0.37 0.47 0.32 
1.55 -2.67 -0.40 0.50 0.32 
1.83 -2.55 -0.47 0.53 0.32 
2.10 -2.67 -0.54 0.56 0.32 
2.22 -2.95 -0.57 0.59 0.32 
2.02 -3.19 -0.80 0.38 0.32 
1.75 -3.31 -0.69 0.41 0.32 
1.49 -3.19 -0.59 0.44 0.32 
1.38 -2.91 -0.55 0.47 0.32 
1.49 -2.63 -0.59 0.50 0.32 
1.75 -2.51 -0.69 0.53 0.32 
2.02 -2.63 -0.80 0.56 0.32 
2.13 -2.91 -0.84 0.59 0.32 
1.90 -3.15 -1.05 0.38 0.32 
1.65 -3.27 -0.91 0.41 0.32 
1.41 -3.15 -0.77 0.44 0.32 
1.30 -2.87 -0.72 0.47 0.32 
1.41 -2.59 -0.77 0.50 0.32 
1.65 -2.47 -0.91 0.53 0.32 
1.90 -2.59 -1.05 0.56 0.32 
2.00 -2.87 -1.10 0.59 0.32 
1.76 -3.11 -1.28 0.38 0.33 
1.53 -3.23 -1.11 0.41 0.33 
1.30 -3.11 -0.94 0.44 0.33 
1.20 -2.83 -0.87 0.47 0.33 
1.30 -2.55 -0.94 0.50 0.33 
1.53 -2.43 -1.11 0.53 0.33 
1.76 -2.55 -1.28 0.56 0.33 
1.85 -2.83 -1.34 0.59 0.33 
1.58 -3.07 -1.49 0.38 0.33 
1.38 -3.19 -1.29 0.41 0.33 
1.17 -3.07 -1.10 0.44 0.33 
1.08 -2.79 -1.02 0.47 0.33 
1.17 -2.51 -1.10 0.50 0.33 
1.38 -2.39 -1.29 0.53 0.33 
1.58 -2.51 -1.49 0.56 0.33 
1.67 -2.79 -1.57 0.59 0.33 
1.38 -3.03 -1.67 0.38 0.33 
1.20 -3.15 -1.45 0.41 0.33 
1.02 -3.03 -1.24 0.44 0.33 
0.95 -2.75 -1.15 0.47 0.33 
1.02 -2.47 -1.24 0.50 0.33 
1.20 -2.35 -1.45 0.53 0.33 
1.38 -2.47 -1.67 0.56 0.33 
1.46 -2.75 -1.76 0.59 0.33 
1.16 -2.99 -1.83 0.38 0.33 
1.01 -3.11 -1.59 0.41 0.33 
0.86 -2.99 -1.35 0.44 0.33 
0.80 -2.71 -1.26 0.47 0.33 
0.86 -2.43 -1.35 0.50 0.33 
1.01 -2.31 -1.59 0.53 0.33 
1.16 -2.43 -1.83 0.56 0.33 
1.23 -2.71 -1.93 0.59 0.33 
0.92 -2.95 -1.96 0.38 0.34 
0.80 -3.07 -1.71 0.41 0.34 
0.68 -2.95 -1.45 0.44 0.34 
0.63 -2.67 -1.35 0.47 0.34 
0.68 -2.39 -1.45 0.50 0.34 
0.80 -2.27 -1.71 0.53 0.34 
0.92 -2.39 -1.96 0.56 0.34 
0.97 -2.67 -2.07 0.59 0.34 
0.67 -2.91 -2.06 0.38 0.34 
0.58 -3.03 -1.79 0.41 0.34 
0.50 -2.91 -1.53 0.44 0.34 
0.46 -2.63 -1.41 0.47 0.34 
0.50 -2.34 -1.53 0.50 0.34 
0.58 -2.23 -1.79 0.53 0.34 
0.67 -2.34 -2.06 0.56 0.34 
0.71 -2.63 -2.18 0.59 0.34 
0.41 -2.87 -2.13 0.38 0.34 
0.35 -2.99 -1.85 0.41 0.34 
0.30 -2.87 -1.58 0.44 0.34 
0.28 -2.59 -1.46 0.47 0.34 
0.30 -2.30 -1.58 0.50 0.34 
0.35 -2.19 -1.85 0.53 0.34 
0.41 -2.30 -2.13 0.56 0.34 
0.43 -2.59 -2.25 0.59 0.34 
0.14 -2.83 -2.17 0.38 0.34 
0.12 -2.95 -1.88 0.41 0.34 
0.10 -2.83 -1.60 0.44 0.34 
0.09 -2.55 -1.48 0.47 0.34 
0.10 -2.26 -1.60 0.50 0.34 
0.12 -2.15 -1.88 0.53 0.34 
0.14 -2.26 -2.17 0.56 0.34 
0.14 -2.55 -2.28 0.59 0.34 
-0.14 -2.79 -2.17 0.38 0.35 
-0.12 -2.91 -1.88 0.41 0.35 
-0.10 -2.79 -1.60 0.44 0.35 
-0.09 -2.51 -1.48 0.47 0.35 
-0.10 -2.22 -1.60 0.50 0.35 
-0.12 -2.11 -1.88 0.53 0.35 
-0.14 -2.22 -2.17 0.56 0.35 
-0.14 -2.51 -2.28 0.59 0.35 
-0.41 -2.75 -2.13 0.38 0.35 
-0.35 -2.87 -1.85 0.41 0.35 
-0.30 -2.75 -1.58 0.44 0.35 
-0.28 -2.47 -1.46 0.47 0.35 
-0.30 -2.18 -1.58 0.50 0.35 
-0.35 -2.07 -1.85 0.53 0.35 
-0.41 -2.18 -2.13 0.56 0.35 
-0.43 -2.47 -2.25 0.59 0.35 
-0.67 -2.71 -2.06 0.38 0.35 
-0.58 -2.83 -1.79 0.41 0.35 
-0.50 -2.71 -1.53 0.44 0.35 
-0.46 -2.43 -1.41 0.47 0.35 
-0.50 -2.14 -1.53 0.50 0.35 
-0.58 -2.03 -1.79 0.53 0.35 
-0.67 -2.14 -2.06 0.56 0.35 
-0.71 -2.43 -2.18 0.59 0.35 
-0.92 -2.67 -1.96 0.38 0.35 
-0.80 -2.79 -1.71 0.41 0.35 
-0.68 -2.67 -1.45 0.44 0.35 
-0.63 -2.39 -1.35 0.47 0.35 
-0.68 -2.10 -1.45 0.50 0.35 
-0.80 -1.99 -1.71 0.53 0.35 
-0.92 -2.10 -1.96 0.56 0.35 
-0.97 -2.39 -2.07 0.59 0.35 
-1.16 -2.63 -1.83 0.38 0.36 
-1.01 -2.74 -1.59 0.41 0.36 
-0.86 -2.63 -1.35 0.44 0.36 
-0.80 -2.34 -1.26 0.47 0.36 
-0.86 -2.06 -1.35 0.50 0.36 
-1.01 -1.94 -1.59 0.53 0.36 
-1.16 -2.06 -1.83 0.56 0.36 
-1.23 -2.34 -1.93 0.59 0.36 
-1.38 -2.59 -1.67 0.38 0.36 
-1.20 -2.70 -1.45 0.41 0.36 
-1.02 -2.59 -1.24 0.44 0.36 
-0.95 -2.30 -1.15 0.47 0.36 
-1.02 -2.02 -1.24 0.50 0.36 
-1.20 -1.90 -1.45 0.53 0.36 
-1.38 -2.02 -1.67 0.56 0.36 
-1.46 -2.30 -1.76 0.59 0.36 
-1.58 -2.55 -1.49 0.38 0.36 
-1.38 -2.66 -1.29 0.41 0.36 
-1.17 -2.55 -1.10 0.44 0.36 
-1.08 -2.26 -1.02 0.47 0.36 
-1.17 -1.98 -1.10 0.50 0.36 
-1.38 -1.86 -1.29 0.53 0.36 
-1.58 -1.98 -1.49 0.56 0.36 
-1.67 -2.26 -1.57 0.59 0.36 
-1.76 -2.51 -1.28 0.38 0.36 
-1.53 -2.62 -1.11 0.41 0.36 
-1.30 -2.51 -0.94 0.44 0.36 
-1.20 -2.22 -0.87 0.47 0.36 
-1.30 -1.94 -0.94 0.50 0.36 
-1.53 -1.82 -1.11 0.53 0.36 
-1.76 -1.94 -1.28 0.56 0.36 
-1.85 -2.22 -1.34 0.59 0.36 
-1.90 -2.47 -1.05 0.38 0.37 
-1.65 -2.58 -0.91 0.41 0.37 
-1.41 -2.47 -0.77 0.44 0.37 
-1.30 -2.18 -0.72 0.47 0.37 
-1.41 -1.90 -0.77 0.50 0.37 
-1.65 -1.78 -0.91 0.53 0.37 
-1.90 -1.90 -1.05 0.56 0.37 
-2.00 -2.18 -1.10 0.59 0.37 
-2.02 -2.43 -0.80 0.38 0.37 
-1.75 -2.54 -0.69 0.41 0.37 
-1.49 -2.43 -0.59 0.44 0.37 
-1.38 -2.14 -0.55 0.47 0.37 
-1.49 -1.86 -0.59 0.50 0.37 
-1.75 -1.74 -0.69 0.53 0.37 
-2.02 -1.86 -0.80 0.56 0.37 
-2.13 -2.14 -0.84 0.59 0.37 
-2.10 -2.38 -0.54 0.38 0.37 
-1.83 -2.50 -0.47 0.41 0.37 
-1.55 -2.38 -0.40 0.44 0.37 
-1.44 -2.10 -0.37 0.47 0.37 
-1.55 -1.82 -0.40 0.50 0.37 
-1.83 -1.70 -0.47 0.53 0.37 
-2.10 -1.82 -0.54 0.56 0.37 
-2.22 -2.10 -0.57 0.59 0.37 
-2.15 -2.34 -0.27 0.38 0.37 
-1.87 -2.46 -0.24 0.41 0.37 
-1.59 -2.34 -0.20 0.44 0.37 
-1.48 -2.06 -0.19 0.47 0.37 
-1.59 -1.78 -0.20 0.50 0.37 
-1.87 -1.66 -0.24 0.53 0.37 
-2.15 -1.78 -0.27 0.56 0.37 
-2.27 -2.06 -0.29 0.59 0.37 
-2.17 -2.30 0.00 0.38 0.38 
-1.89 -2.42 0.00 0.41 0.38 
-1.60 -2.30 0.00 0.44 0.38 
-1.49 -2.02 0.00 0.47 0.38 
-1.60 -1.74 0.00 0.50 0.38 
-1.89 -1.62 0.00 0.53 0.38 
-2.17 -1.74 0.00 0.56 0.38 
-2.29 -2.02 0.00 0.59 0.38 
-2.15 -2.26 0.27 0.38 0.38 
-1.87 -2.38 0.24 0.41 0.38 
-1.59 -2.26 0.20 0.44 0.38 
-1.48 -1.98 0.19 0.47 0.38 
-1.59 -1.70 0.20 0.50 0.38 
-1.87 -1.58 0.24 0.53 0.38 
-2.15 -1.70 0.27 0.56 0.38 
-2.27 -1.98 0.29 0.59 0.38 
-2.10 -2.22 0.54 0.38 0.38 
-1.83 -2.34 0.47 0.41 0.38 
-1.55 -2.22 0.40 0.44 0.38 
-1.44 -1.94 0.37 0.47 0.38 
-1.55 -1.66 0.40 0.50 0.38 
-1.83 -1.54 0.47 0.53 0.38 
-2.10 -1.66 0.54 0.56 0.38 
-2.22 -1.94 0.57 0.59 0.38 
-2.02 -2.18 0.80 0.38 0.38 
-1.75 -2.30 0.69 0.41 0.38 
-1.49 -2.18 0.59 0.44 0.38 
-1.38 -1.90 0.55 0.47 0.38 
-1.49 -1.62 0.59 0.50 0.38 
-1.75 -1.50 0.69 0.53 0.38 
-2.02 -1.62 0.80 0.56 0.38 
-2.13 -1.90 0.84 0.59 0.38 
-1.90 -2.14 1.05 0.38 0.39 
-1.65 -2.26 0.91 0.41 0.39 
-1.41 -2.14 0.77 0.44 0.39 
-1.30 -1.86 0.72 0.47 0.39 
-1.41 -1.58 0.77 0.50 0.39 
-1.65 -1.46 0.91 0.53 0.39 
-1.90 -1.58 1.05 0.56 0.39 
-2.00 -1.86 1.10 0.59 0.39 
-1.76 -2.10 1.28 0.38 0.39 
-1.53 -2.22 1.11 0.41 0.39 
-1.30 -2.10 0.94 0.44 0.39 
-1.20 -1.82 0.87 0.47 0.39 
-1.30 -1.54 0.94 0.50 0.39 
-1.53 -1.42 1.11 0.53 0.39 
-1.76 -1.54 1.28 0.56 0.39 
-1.85 -1.82 1.34 0.59 0.39 
-1.58 -2.06 1.49 0.38 0.39 
-1.38 -2.18 1.29 0.41 0.39 
-1.17 -2.06 1.10 0.44 0.39 
-1.08 -1.78 1.02 0.47 0.39 
-1.17 -1.50 1.10 0.50 0.39 
-1.38 -1.38 1.29 0.53 0.39 
-1.58 -1.50 1.49 0.56 0.39 
-1.67 -1.78 1.57 0.59 0.39 
-1.38 -2.02 1.67 0.38 0.39 
-1.20 -2.14 1.45 0.41 0.39 
-1.02 -2.02 1.24 0.44 0.39 
-0.95 -1.74 1.15 0.47 0.39 
-1.02 -1.46 1.24 0.50 0.39 
-1.20 -1.34 1.45 0.53 0.39 
-1.38 -1.46 1.67 0.56 0.39 
-1.46 -1.74 1.76 0.59 0.39 
-1.16 -1.98 1.83 0.38 0.40 
-1.01 -2.10 1.59 0.41 0.40 
-0.86 -1.98 1.35 0.44 0.40 
-0.80 -1.70 1.26 0.47 0.40 
-0.86 -1.42 1.35 0.50 0.40 
-1.01 -1.30 1.59 0.53 0.40 
-1.16 -1.42 1.83 0.56 0.40 
-1.23 -1.70 1.93 0.59 0.40 
-0.92 -1.94 1.96 0.38 0.40 
-0.80 -2.06 1.71 0.41 0.40 
-0.68 -1.94 1.45 0.44 0.40 
-0.63 -1.66 1.35 0.47 0.40 
-0.68 -1.37 1.45 0.50 0.40 
-0.80 -1.26 1.71 0.53 0.40 
-0.92 -1.37 1.96 0.56 0.40 
-0.97 -1.66 2.07 0.59 0.40 
-0.67 -1.90 2.06 0.38 0.40 
-0.58 -2.02 1.79 0.41 0.40 
-0.50 -1.90 1.53 0.44 0.40 
-0.46 -1.62 1.41 0.47 0.40 
-0.50 -1.33 1.53 0.50 0.40 
-0.58 -1.22 1.79 0.53 0.40 
-0.67 -1.33 2.06 0.56 0.40 
-0.71 -1.62 2.18 0.59 0.40 
-0.41 -1.86 2.13 0.38 0.40 
-0.35 -1.98 1.85 0.41 0.40 
-0.30 -1.86 1.58 0.44 0.40 
-0.28 -1.58 1.46 0.47 0.40 
-0.30 -1.29 1.58 0.50 0.40 
-0.35 -1.18 1.85 0.53 0.40 
-0.41 -1.29 2.13 0.56 0.40 
-0.43 -1.58 2.25 0.59 0.40 
-0.14 -1.82 2.17 0.38 0.41 
-0.12 -1.94 1.88 0.41 0.41 
-0.10 -1.82 1.60 0.44 0.41 
-0.09 -1.54 1.48 0.47 0.41 
-0.10 -1.25 1.60 0.50 0.41 
-0.12 -1.14 1.88 0.53 0.41 
-0.14 -1.25 2.17 0.56 0.41 
-0.14 -1.54 2.28 0.59 0.41 
0.14 -1.78 2.17 0.38 0.41 
0.12 -1.90 1.88 0.41 0.41 
0.10 -1.78 1.60 0.44 0.41 
0.09 -1.50 1.48 0.47 0.41 
0.10 -1.21 1.60 0.50 0.41 
0.12 -1.10 1.88 0.53 0.41 
0.14 -1.21 2.17 0.56 0.41 
0.14 -1.50 2.28 0.59 0.41 
0.41 -1.74 2.13 0.38 0.41 
0.35 -1.86 1.85 0.41 0.41 
0.30 -1.74 1.58 0.44 0.41 
0.28 -1.46 1.46 0.47 0.41 
0.30 -1.17 1.58 0.50 0.41 
0.35 -1.06 1.85 0.53 0.41 
0.41 -1.17 2.13 0.56 0.41 
0.43 -1.46 2.25 0.59 0.41 
0.67 -1.70 2.06 0.38 0.41 
0.58 -1.81 1.79 0.41 0.41 
0.50 -1.70 1.53 0.44 0.41 
0.46 -1.41 1.41 0.47 0.41 
0.50 -1.13 1.53 0.50 0.41 
0.58 -1.01 1.79 0.53 0.41 
0.67 -1.13 2.06 0.56 0.41 
0.71 -1.41 2.18 0.59 0.41 
0.92 -1.66 1.96 0.38 0.42 
0.80 -1.77 1.71 0.41 0.42 
0.68 -1.66 1.45 0.44 0.42 
0.63 -1.37 1.35 0.47 0.42 
0.68 -1.09 1.45 0.50 0.42 
0.80 -0.97 1.71 0.53 0.42 
0.92 -1.09 1.96 0.56 0.42 
0.97 -1.37 2.07 0.59 0.42 
1.16 -1.62 1.83 0.38 0.42 
1.01 -1.73 1.59 0.41 0.42 
0.86 -1.62 1.35 0.44 0.42 
0.80 -1.33 1.26 0.47 0.42 
0.86 -1.05 1.35 0.50 0.42 
1.01 -0.93 1.59 0.53 0.42 
1.16 -1.05 1.83 0.56 0.42 
1.23 -1.33 1.93 0.59 0.42 
1.38 -1.58 1.67 0.38 0.42 
1.20 -1.69 1.45 0.41 0.42 
1.02 -1.58 1.24 0.44 0.42 
0.95 -1.29 1.15 0.47 0.42 
1.02 -1.01 1.24 0.50 0.42 
1.20 -0.89 1.45 0.53 0.42 
1.38 -1.01 1.67 0.56 0.42 
1.46 -1.29 1.76 0.59 0.42 
1.58 -1.54 1.49 0.38 0.42 
1.38 -1.65 1.29 0.41 0.42 
1.17 -1.54 1.10 0.44 0.42 
1.08 -1.25 1.02 0.47 0.42 
1.17 -0.97 1.10 0.50 0.42 
1.38 -0.85 1.29 0.53 0.42 
1.58 -0.97 1.49 0.56 0.42 
1.67 -1.25 1.57 0.59 0.42 
1.76 -1.50 1.28 0.38 0.43 
1.53 -1.61 1.11 0.41 0.43 
1.30 -1.50 0.94 0.44 0.43 
1.20 -1.21 0.87 0.47 0.43 
1.30 -0.93 0.94 0.50 0.43 
1.53 -0.81 1.11 0.53 0.43 
1.76 -0.93 1.28 0.56 0.43 
1.85 -1.21 1.34 0.59 0.43 
1.90 -1.46 1.05 0.38 0.43 
1.65 -1.57 0.91 0.41 0.43 
1.41 -1.46 0.77 0.44 0.43 
1.30 -1.17 0.72 0.47 0.43 
1.41 -0.89 0.77 0.50 0.43 
1.65 -0.77 0.91 0.53 0.43 
1.90 -0.89 1.05 0.56 0.43 
2.00 -1.17 1.10 0.59 0.43 
2.02 -1.41 0.80 0.38 0.43 
1.75 -1.53 0.69 0.41 0.43 
1.49 -1.41 0.59 0.44 0.43 
1.38 -1.13 0.55 0.47 0.43 
1.49 -0.85 0.59 0.50 0.43 
1.75 -0.73 0.69 0.53 0.43 
2.02 -0.85 0.80 0.56 0.43 
2.13 -1.13 0.84 0.59 0.43 
2.10 -1.37 0.54 0.38 0.43 
1.83 -1.49 0.47 0.41 0.43 
1.55 -1.37 0.40 0.44 0.43 
1.44 -1.09 0.37 0.47 0.43 
1.55 -0.81 0.40 0.50 0.43 
1.83 -0.69 0.47 0.53 0.43 
2.10 -0.81 0.54 0.56 0.43 
2.22 -1.09 0.57 0.59 0.43 
2.15 -1.33 0.27 0.38 0.44 
1.87 -1.45 0.24 0.41 0.44 
1.59 -1.33 0.20 0.44 0.44 
1.48 -1.05 0.19 0.47 0.44 
1.59 -0.77 0.20 0.50 0.44 
1.87 -0.65 0.24 0.53 0.44 
2.15 -0.77 0.27 0.56 0.44 
2.27 -1.05 0.29 0.59 0.44 
2.17 -1.29 -0.00 0.38 0.44 
1.89 -1.41 -0.00 0.41 0.44 
1.60 -1.29 -0.00 0.44 0.44 
1.49 -1.01 -0.00 0.47 0.44 
1.60 -0.73 -0.00 0.50 0.44 
1.89 -0.61 -0.00 0.53 0.44 
2.17 -0.73 -0.00 0.56 0.44 
2.29 -1.01 -0.00 0.59 0.44 
2.15 -1.25 -0.27 0.38 0.44 
1.87 -1.37 -0.24 0.41 0.44 
1.59 -1.25 -0.20 0.44 0.44 
1.48 -0.97 -0.19 0.47 0.44 
1.59 -0.69 -0.20 0.50 0.44 
1.87 -0.57 -0.24 0.53 0.44 
2.15 -0.69 -0.27 0.56 0.44 
2.27 -0.97 -0.29 0.59 0.44 
2.10 -1.21 -0.54 0.38 0.44 
1.83 -1.33 -0.47 0.41 0.44 
1.55 -1.21 -0.40 0.44 0.44 
1.44 -0.93 -0.37 0.47 0.44 
1.55 -0.65 -0.40 0.50 0.44 
1.83 -0.53 -0.47 0.53 0.44 
2.10 -0.65 -0.54 0.56 0.44 
2.22 -0.93 -0.57 0.59 0.44 
2.02 -1.17 -0.80 0.38 0.45 
1.75 -1.29 -0.69 0.41 0.45 
1.49 -1.17 -0.59 0.44 0.45 
1.38 -0.89 -0.55 0.47 0.45 
1.49 -0.61 -0.59 0.50 0.45 
1.75 -0.49 -0.69 0.53 0.45 
2.02 -0.61 -0.80 0.56 0.45 
2.13 -0.89 -0.84 0.59 0.45 
1.90 -1.13 -1.05 0.38 0.45 
1.65 -1.25 -0.91 0.41 0.45 
1.41 -1.13 -0.77 0.44 0.45 
1.30 -0.85 -0.72 0.47 0.45 
1.41 -0.57 -0.77 0.50 0.45 
1.65 -0.45 -0.91 0.53 0.45 
1.90 -0.57 -1.05 0.56 0.45 
2.00 -0.85 -1.10 0.59 0.45 
1.76 -1.09 -1.28 0.38 0.45 
1.53 -1.21 -1.11 0.41 0.45 
1.30 -1.09 -0.94 0.44 0.45 
1.20 -0.81 -0.87 0.47 0.45 
1.30 -0.53 -0.94 0.50 0.45 
1.53 -0.41 -1.11 0.53 0.45 
1.76 -0.53 -1.28 0.56 0.45 
1.85 -0.81 -1.34 0.59 0.45 
1.58 -1.05 -1.49 0.38 0.45 
1.38 -1.17 -1.29 0.41 0.45 
1.17 -1.05 -1.10 0.44 0.45 
1.08 -0.77 -1.02 0.47 0.45 
1.17 -0.49 -1.10 0.50 0.45 
1.38 -0.37 -1.29 0.53 0.45 
1.58 -0.49 -1.49 0.56 0.45 
1.67 -0.77 -1.57 0.59 0.45 
1.38 -1.01 -1.67 0.38 0.46 
1.20 -1.13 -1.45 0.41 0.46 
1.02 -1.01 -1.24 0.44 0.46 
0.95 -0.73 -1.15 0.47 0.46 
1.02 -0.44 -1.24 0.50 0.46 
1.20 -0.33 -1.45 0.53 0.46 
1.38 -0.44 -1.67 0.56 0.46 
1.46 -0.73 -1.76 0.59 0.46 
1.16 -0.97 -1.83 0.38 0.46 
1.01 -1.09 -1.59 0.41 0.46 
0.86 -0.97 -1.35 0.44 0.46 
0.80 -0.69 -1.26 0.47 0.46 
0.86 -0.40 -1.35 0.50 0.46 
1.01 -0.29 -1.59 0.53 0.46 
1.16 -0.40 -1.83 0.56 0.46 
1.23 -0.69 -1.93 0.59 0.46 
0.92 -0.93 -1.96 0.38 0.46 
0.80 -1.05 -1.71 0.41 0.46 
0.68 -0.93 -1.45 0.44 0.46 
0.63 -0.65 -1.35 0.47 0.46 
0.68 -0.36 -1.45 0.50 0.46 
0.80 -0.25 -1.71 0.53 0.46 
0.92 -0.36 -1.96 0.56 0.46 
0.97 -0.65 -2.07 0.59 0.46 
0.67 -0.89 -2.06 0.38 0.46 
0.58 -1.01 -1.79 0.41 0.46 
0.50 -0.89 -1.53 0.44 0.46 
0.46 -0.61 -1.41 0.47 0.46 
0.50 -0.32 -1.53 0.50 0.46 
0.58 -0.21 -1.79 0.53 0.46 
0.67 -0.32 -2.06 0.56 0.46 
0.71 -0.61 -2.18 0.59 0.46 
0.41 -0.85 -2.13 0.38 0.47 
0.35 -0.97 -1.85 0.41 0.47 
0.30 -0.85 -1.58 0.44 0.47 
0.28 -0.57 -1.46 0.47 0.47 
0.30 -0.28 -1.58 0.50 0.47 
0.35 -0.17 -1.85 0.53 0.47 
0.41 -0.28 -2.13 0.56 0.47 
0.43 -0.57 -2.25 0.59 0.47 
0.14 -0.81 -2.17 0.38 0.47 
0.12 -0.93 -1.88 0.41 0.47 
0.10 -0.81 -1.60 0.44 0.47 
0.09 -0.53 -1.48 0.47 0.47 
0.10 -0.24 -1.60 0.50 0.47 
0.12 -0.13 -1.88 0.53 0.47 
0.14 -0.24 -2.17 0.56 0.47 
0.14 -0.53 -2.28 0.59 0.47 
-0.14 -0.77 -2.17 0.38 0.47 
-0.12 -0.89 -1.88 0.41 0.47 
-0.10 -0.77 -1.60 0.44 0.47 
-0.09 -0.49 -1.48 0.47 0.47 
-0.10 -0.20 -1.60 0.50 0.47 
-0.12 -0.09 -1.88 0.53 0.47 
-0.14 -0.20 -2.17 0.56 0.47 
-0.14 -0.49 -2.28 0.59 0.47 
-0.41 -0.73 -2.13 0.38 0.47 
-0.35 -0.84 -1.85 0.41 0.47 
-0.30 -0.73 -1.58 0.44 0.47 
-0.28 -0.44 -1.46 0.47 0.47 
-0.30 -0.16 -1.58 0.50 0.47 
-0.35 -0.04 -1.85 0.53 0.47 
-0.41 -0.16 -2.13 0.56 0.47 
-0.43 -0.44 -2.25 0.59 0.47 
-0.67 -0.69 -2.06 0.38 0.48 
-0.58 -0.80 -1.79 0.41 0.48 
-0.50 -0.69 -1.53 0.44 0.48 
-0.46 -0.40 -1.41 0.47 0.48 
-0.50 -0.12 -1.53 0.50 0.48 
-0.58 -0.00 -1.79 0.53 0.48 
-0.67 -0.12 -2.06 0.56 0.48 
-0.71 -0.40 -2.18 0.59 0.48 
-0.92 -0.65 -1.96 0.38 0.48 
-0.80 -0.76 -1.71 0.41 0.48 
-0.68 -0.65 -1.45 0.44 0.48 
-0.63 -0.36 -1.35 0.47 0.48 
-0.68 -0.08 -1.45 0.50 0.48 
-0.80 0.04 -1.71 0.53 0.48 
-0.92 -0.08 -1.96 0.56 0.48 
-0.97 -0.36 -2.07 0.59 0.48 
-1.16 -0.61 -1.83 0.38 0.48 
-1.01 -0.72 -1.59 0.41 0.48 
-0.86 -0.61 -1.35 0.44 0.48 
-0.80 -0.32 -1.26 0.47 0.48 
-0.86 -0.04 -1.35 0.50 0.48 
-1.01 0.08 -1.59 0.53 0.48 
-1.16 -0.04 -1.83 0.56 0.48 
-1.23 -0.32 -1.93 0.59 0.48 
-1.38 -0.57 -1.67 0.38 0.48 
-1.20 -0.68 -1.45 0.41 0.48 
-1.02 -0.57 -1.24 0.44 0.48 
-0.95 -0.28 -1.15 0.47 0.48 
-1.02 -0.00 -1.24 0.50 0.48 
-1.20 0.12 -1.45 0.53 0.48 
-1.38 -0.00 -1.67 0.56 0.48 
-1.46 -0.28 -1.76 0.59 0.48 
-1.58 -0.53 -1.49 0.38 0.49 
-1.38 -0.64 -1.29 0.41 0.49 
-1.17 -0.53 -1.10 0.44 0.49 
-1.08 -0.24 -1.02 0.47 0.49 
-1.17 0.04 -1.10 0.50 0.49 
-1.38 0.16 -1.29 0.53 0.49 
-1.58 0.04 -1.49 0.56 0.49 
-1.67 -0.24 -1.57 0.59 0.49 
-1.76 -0.48 -1.28 0.38 0.49 
-1.53 -0.60 -1.11 0.41 0.49 
-1.30 -0.48 -0.94 0.44 0.49 
-1.20 -0.20 -0.87 0.47 0.49 
-1.30 0.08 -0.94 0.50 0.49 
-1.53 0.20 -1.11 0.53 0.49 
-1.76 0.08 -1.28 0.56 0.49 
-1.85 -0.20 -1.34 0.59 0.49 
-1.90 -0.44 -1.05 0.38 0.49 
-1.65 -0.56 -0.91 0.41 0.49 
-1.41 -0.44 -0.77 0.44 0.49 
-1.30 -0.16 -0.72 0.47 0.49 
-1.41 0.12 -0.77 0.50 0.49 
-1.65 0.24 -0.91 0.53 0.49 
-1.90 0.12 -1.05 0.56 0.49 
-2.00 -0.16 -1.10 0.59 0.49 
-2.02 -0.40 -0.80 0.38 0.49 
-1.75 -0.52 -0.69 0.41 0.49 
-1.49 -0.40 -0.59 0.44 0.49 
-1.38 -0.12 -0.55 0.47 0.49 
-1.49 0.16 -0.59 0.50 0.49 
-1.75 0.28 -0.69 0.53 0.49 
-2.02 0.16 -0.80 0.56 0.49 
-2.13 -0.12 -0.84 0.59 0.49 
-2.10 -0.36 -0.54 0.38 0.50 
-1.83 -0.48 -0.47 0.41 0.50 
-1.55 -0.36 -0.40 0.44 0.50 
-1.44 -0.08 -0.37 0.47 0.50 
-1.55 0.20 -0.40 0.50 0.50 
-1.83 0.32 -0.47 0.53 0.50 
-2.10 0.20 -0.54 0.56 0.50 
-2.22 -0.08 -0.57 0.59 0.50 
-2.15 -0.32 -0.27 0.38 0.50 
-1.87 -0.44 -0.24 0.41 0.50 
-1.59 -0.32 -0.20 0.44 0.50 
-1.48 -0.04 -0.19 0.47 0.50 
-1.59 0.24 -0.20 0.50 0.50 
-1.87 0.36 -0.24 0.53 0.50 
-2.15 0.24 -0.27 0.56 0.50 
-2.27 -0.04 -0.29 0.59 0.50 
-2.17 -0.28 0.00 0.38 0.50 
-1.89 -0.40 0.00 0.41 0.50 
-1.60 -0.28 0.00 0.44 0.50 
-1.49 0.00 0.00 0.47 0.50 
-1.60 0.28 0.00 0.50 0.50 
-1.89 0.40 0.00 0.53 0.50 
-2.17 0.28 0.00 0.56 0.50 
-2.29 0.00 0.00 0.59 0.50 
-2.15 -0.24 0.27 0.38 0.50 
-1.87 -0.36 0.24 0.41 0.50 
-1.59 -0.24 0.20 0.44 0.50 
-1.48 0.04 0.19 0.47 0.50 
-1.59 0.32 0.20 0.50 0.50 
-1.87 0.44 0.24 0.53 0.50 
-2.15 0.32 0.27 0.56 0.50 
-2.27 0.04 0.29 0.59 0.50 
-2.10 -0.20 0.54 0.38 0.51 
-1.83 -0.32 0.47 0.41 0.51 
-1.55 -0.20 0.40 0.44 0.51 
-1.44 0.08 0.37 0.47 0.51 
-1.55 0.36 0.40 0.50 0.51 
-1.83 0.48 0.47 0.53 0.51 
-2.10 0.36 0.54 0.56 0.51 
-2.22 0.08 0.57 0.59 0.51 
-2.02 -0.16 0.80 0.38 0.51 
-1.75 -0.28 0.69 0.41 0.51 
-1.49 -0.16 0.59 0.44 0.51 
-1.38 0.12 0.55 0.47 0.51 
-1.49 0.40 0.59 0.50 0.51 
-1.75 0.52 0.69 0.53 0.51 
-2.02 0.40 0.80 0.56 0.51 
-2.13 0.12 0.84 0.59 0.51 
-1.90 -0.12 1.05 0.38 0.51 
-1.65 -0.24 0.91 0.41 0.51 
-1.41 -0.12 0.77 0.44 0.51 
-1.30 0.16 0.72 0.47 0.51 
-1.41 0.44 0.77 0.50 0.51 
-1.65 0.56 0.91 0.53 0.51 
-1.90 0.44 1.05 0.56 0.51 
-2.00 0.16 1.10 0.59 0.51 
-1.76 -0.08 1.28 0.38 0.51 
-1.53 -0.20 1.11 0.41 0.51 
-1.30 -0.08 0.94 0.44 0.51 
-1.20 0.20 0.87 0.47 0.51 
-1.30 0.48 0.94 0.50 0.51 
-1.53 0.60 1.11 0.53 0.51 
-1.76 0.48 1.28 0.56 0.51 
-1.85 0.20 1.34 0.59 0.51 
-1.58 -0.04 1.49 0.38 0.52 
-1.38 -0.16 1.29 0.41 0.52 
-1.17 -0.04 1.10 0.44 0.52 
-1.08 0.24 1.02 0.47 0.52 
-1.17 0.53 1.10 0.50 0.52 
-1.38 0.64 1.29 0.53 0.52 
-1.58 0.53 1.49 0.56 0.52 
-1.67 0.24 1.57 0.59 0.52 
-1.38 0.00 1.67 0.38 0.52 
-1.20 -0.12 1.45 0.41 0.52 
-1.02 0.00 1.24 0.44 0.52 
-0.95 0.28 1.15 0.47 0.52 
-1.02 0.57 1.24 0.50 0.52 
-1.20 0.68 1.45 0.53 0.52 
-1.38 0.57 1.67 0.56 0.52 
-1.46 0.28 1.76 0.59 0.52 
-1.16 0.04 1.83 0.38 0.52 
-1.01 -0.08 1.59 0.41 0.52 
-0.86 0.04 1.35 0.44 0.52 
-0.80 0.32 1.26 0.47 0.52 
-0.86 0.61 1.35 0.50 0.52 
-1.01 0.72 1.59 0.53 0.52 
-1.16 0.61 1.83 0.56 0.52 
-1.23 0.32 1.93 0.59 0.52 
-0.92 0.08 1.96 0.38 0.52 
-0.80 -0.04 1.71 0.41 0.52 
-0.68 0.08 1.45 0.44 0.52 
-0.63 0.36 1.35 0.47 0.52 
-0.68 0.65 1.45 0.50 0.52 
-0.80 0.76 1.71 0.53 0.52 
-0.92 0.65 1.96 0.56 0.52 
-0.97 0.36 2.07 0.59 0.52 
-0.67 0.12 2.06 0.38 0.53 
-0.58 0.00 1.79 0.41 0.53 
-0.50 0.12 1.53 0.44 0.53 
-0.46 0.40 1.41 0.47 0.53 
-0.50 0.69 1.53 0.50 0.53 
-0.58 0.80 1.79 0.53 0.53 
-0.67 0.69 2.06 0.56 0.53 
-0.71 0.40 2.18 0.59 0.53 
-0.41 0.16 2.13 0.38 0.53 
-0.35 0.04 1.85 0.41 0.53 
-0.30 0.16 1.58 0.44 0.53 
-0.28 0.44 1.46 0.47 0.53 
-0.30 0.73 1.58 0.50 0.53 
-0.35 0.84 1.85 0.53 0.53 
-0.41 0.73 2.13 0.56 0.53 
-0.43 0.44 2.25 0.59 0.53 
-0.14 0.20 2.17 0.38 0.53 
-0.12 0.09 1.88 0.41 0.53 
-0.10 0.20 1.60 0.44 0.53 
-0.09 0.49 1.48 0.47 0.53 
-0.10 0.77 1.60 0.50 0.53 
-0.12 0.89 1.88 0.53 0.53 
-0.14 0.77 2.17 0.56 0.53 
-0.14 0.49 2.28 0.59 0.53 
0.14 0.24 2.17 0.38 0.53 
0.12 0.13 1.88 0.41 0.53 
0.10 0.24 1.60 0.44 0.53 
0.09 0.53 1.48 0.47 0.53 
0.10 0.81 1.60 0.50 0.53 
0.12 0.93 1.88 0.53 0.53 
0.14 0.81 2.17 0.56 0.53 
0.14 0.53 2.28 0.59 0.53 
0.41 0.28 2.13 0.38 0.54 
0.35 0.17 1.85 0.41 0.54 
0.30 0.28 1.58 0.44 0.54 
0.28 0.57 1.46 0.47 0.54 
0.30 0.85 1.58 0.50 0.54 
0.35 0.97 1.85 0.53 0.54 
0.41 0.85 2.13 0.56 0.54 
0.43 0.57 2.25 0.59 0.54 
0.67 0.32 2.06 0.38 0.54 
0.58 0.21 1.79 0.41 0.54 
0.50 0.32 1.53 0.44 0.54 
0.46 0.61 1.41 0.47 0.54 
0.50 0.89 1.53 0.50 0.54 
0.58 1.01 1.79 0.53 0.54 
0.67 0.89 2.06 0.56 0.54 
0.71 0.61 2.18 0.59 0.54 
0.92 0.36 1.96 0.38 0.54 
0.80 0.25 1.71 0.41 0.54 
0.68 0.36 1.45 0.44 0.54 
0.63 0.65 1.35 0.47 0.54 
0.68 0.93 1.45 0.50 0.54 
0.80 1.05 1.71 0.53 0.54 
0.92 0.93 1.96 0.56 0.54 
0.97 0.65 2.07 0.59 0.54 
1.16 0.40 1.83 0.38 0.54 
1.01 0.29 1.59 0.41 0.54 
0.86 0.40 1.35 0.44 0.54 
0.80 0.69 1.26 0.47 0.54 
0.86 0.97 1.35 0.50 0.54 
1.01 1.09 1.59 0.53 0.54 
1.16 0.97 1.83 0.56 0.54 
1.23 0.69 1.93 0.59 0.54 
1.38 0.44 1.67 0.38 0.55 
1.20 0.33 1.45 0.41 0.55 
1.02 0.44 1.24 0.44 0.55 
0.95 0.73 1.15 0.47 0.55 
1.02 1.01 1.24 0.50 0.55 
1.20 1.13 1.45 0.53 0.55 
1.38 1.01 1.67 0.56 0.55 
1.46 0.73 1.76 0.59 0.55 
1.58 0.49 1.49 0.38 0.55 
1.38 0.37 1.29 0.41 0.55 
1.17 0.49 1.10 0.44 0.55 
1.08 0.77 1.02 0.47 0.55 
1.17 1.05 1.10 0.50 0.55 
1.38 1.17 1.29 0.53 0.55 
1.58 1.05 1.49 0.56 0.55 
1.67 0.77 1.57 0.59 0.55 
1.76 0.53 1.28 0.38 0.55 
1.53 0.41 1.11 0.41 0.55 
1.30 0.53 0.94 0.44 0.55 
1.20 0.81 0.87 0.47 0.55 
1.30 1.09 0.94 0.50 0.55 
1.53 1.21 1.11 0.53 0.55 
1.76 1.09 1.28 0.56 0.55 
1.85 0.81 1.34 0.59 0.55 
1.90 0.57 1.05 0.38 0.55 
1.65 0.45 0.91 0.41 0.55 
1.41 0.57 0.77 0.44 0.55 
1.30 0.85 0.72 0.47 0.55 
1.41 1.13 0.77 0.50 0.55 
1.65 1.25 0.91 0.53 0.55 
1.90 1.13 1.05 0.56 0.55 
2.00 0.85 1.10 0.59 0.55 
2.02 0.61 0.80 0.38 0.56 
1.75 0.49 0.69 0.41 0.56 
1.49 0.61 0.59 0.44 0.56 
1.38 0.89 0.55 0.47 0.56 
1.49 1.17 0.59 0.50 0.56 
1.75 1.29 0.69 0.53 0.56 
2.02 1.17 0.80 0.56 0.56 
2.13 0.89 0.84 0.59 0.56 
2.10 0.65 0.54 0.38 0.56 
1.83 0.53 0.47 0.41 0.56 
1.55 0.65 0.40 0.44 0.56 
1.44 0.93 0.37 0.47 0.56 
1.55 1.21 0.40 0.50 0.56 
1.83 1.33 0.47 0.53 0.56 
2.10 1.21 0.54 0.56 0.56 
2.22 0.93 0.57 0.59 0.56 
2.15 0.69 0.27 0.38 0.56 
1.87 0.57 0.24 0.41 0.56 
1.59 0.69 0.20 0.44 0.56 
1.48 0.97 0.19 0.47 0.56 
1.59 1.25 0.20 0.50 0.56 
1.87 1.37 0.24 0.53 0.56 
2.15 1.25 0.27 0.56 0.56 
2.27 0.97 0.29 0.59 0.56 
2.17 0.73 -0.00 0.38 0.56 
1.89 0.61 -0.00 0.41 0.56 
1.60 0.73 -0.00 0.44 0.56 
1.49 1.01 -0.00 0.47 0.56 
1.60 1.29 -0.00 0.50 0.56 
1.89 1.41 -0.00 0.53 0.56 
2.17 1.29 -0.00 0.56 0.56 
2.29 1.01 -0.00 0.59 0.56 
2.15 0.77 -0.27 0.38 0.57 
1.87 0.65 -0.24 0.41 0.57 
1.59 0.77 -0.20 0.44 0.57 
1.48 1.05 -0.19 0.47 0.57 
1.59 1.33 -0.20 0.50 0.57 
1.87 1.45 -0.24 0.53 0.57 
2.15 1.33 -0.27 0.56 0.57 
2.27 1.05 -0.29 0.59 0.57 
2.10 0.81 -0.54 0.38 0.57 
1.83 0.69 -0.47 0.41 0.57 
1.55 0.81 -0.40 0.44 0.57 
1.44 1.09 -0.37 0.47 0.57 
1.55 1.37 -0.40 0.50 0.57 
1.83 1.49 -0.47 0.53 0.57 
2.10 1.37 -0.54 0.56 0.57 
2.22 1.09 -0.57 0.59 0.57 
2.02 0.85 -0.80 0.38 0.57 
1.75 0.73 -0.69 0.41 0.57 
1.49 0.85 -0.59 0.44 0.57 
1.38 1.13 -0.55 0.47 0.57 
1.49 1.41 -0.59 0.50 0.57 
1.75 1.53 -0.69 0.53 0.57 
2.02 1.41 -0.80 0.56 0.57 
2.13 1.13 -0.84 0.59 0.57 
1.90 0.89 -1.05 0.38 0.57 
1.65 0.77 -0.91 0.41 0.57 
1.41 0.89 -0.77 0.44 0.57 
1.30 1.17 -0.72 0.47 0.57 
1.41 1.46 -0.77 0.50 0.57 
1.65 1.57 -0.91 0.53 0.57 
1.90 1.46 -1.05 0.56 0.57 
2.00 1.17 -1.10 0.59 0.57 
1.76 0.93 -1.28 0.38 0.58 
1.53 0.81 -1.11 0.41 0.58 
1.30 0.93 -0.94 0.44 0.58 
1.20 1.21 -0.87 0.47 0.58 
1.30 1.50 -0.94 0.50 0.58 
1.53 1.61 -1.11 0.53 0.58 
1.76 1.50 -1.28 0.56 0.58 
1.85 1.21 -1.34 0.59 0.58 
1.58 0.97 -1.49 0.38 0.58 
1.38 0.85 -1.29 0.41 0.58 
1.17 0.97 -1.10 0.44 0.58 
1.08 1.25 -1.02 0.47 0.58 
1.17 1.54 -1.10 0.50 0.58 
1.38 1.65 -1.29 0.53 0.58 
1.58 1.54 -1.49 0.56 0.58 
1.67 1.25 -1.57 0.59 0.58 
1.38 1.01 -1.67 0.38 0.58 
1.20 0.89 -1.45 0.41 0.58 
1.02 1.01 -1.24 0.44 0.58 
0.95 1.29 -1.15 0.47 0.58 
1.02 1.58 -1.24 0.50 0.58 
1.20 1.69 -1.45 0.53 0.58 
1.38 1.58 -1.67 0.56 0.58 
1.46 1.29 -1.76 0.59 0.58 
1.16 1.05 -1.83 0.38 0.58 
1.01 0.93 -1.59 0.41 0.58 
0.86 1.05 -1.35 0.44 0.58 
0.80 1.33 -1.26 0.47 0.58 
0.86 1.62 -1.35 0.50 0.58 
1.01 1.73 -1.59 0.53 0.58 
1.16 1.62 -1.83 0.56 0.58 
1.23 1.33 -1.93 0.59 0.58 
0.92 1.09 -1.96 0.38 0.59 
0.80 0.97 -1.71 0.41 0.59 
0.68 1.09 -1.45 0.44 0.59 
0.63 1.37 -1.35 0.47 0.59 
0.68 1.66 -1.45 0.50 0.59 
0.80 1.77 -1.71 0.53 0.59 
0.92 1.66 -1.96 0.56 0.59 
0.97 1.37 -2.07 0.59 0.59 
0.67 1.13 -2.06 0.38 0.59 
0.58 1.01 -1.79 0.41 0.59 
0.50 1.13 -1.53 0.44 0.59 
0.46 1.41 -1.41 0.47 0.59 
0.50 1.70 -1.53 0.50 0.59 
0.58 1.81 -1.79 0.53 0.59 
0.67 1.70 -2.06 0.56 0.59 
0.71 1.41 -2.18 0.59 0.59 
0.41 1.17 -2.13 0.38 0.59 
0.35 1.06 -1.85 0.41 0.59 
0.30 1.17 -1.58 0.44 0.59 
0.28 1.46 -1.46 0.47 0.59 
0.30 1.74 -1.58 0.50 0.59 
0.35 1.86 -1.85 0.53 0.59 
0.41 1.74 -2.13 0.56 0.59 
0.43 1.46 -2.25 0.59 0.59 
0.14 1.21 -2.17 0.38 0.59 
0.12 1.10 -1.88 0.41 0.59 
0.10 1.21 -1.60 0.44 0.59 
0.09 1.50 -1.48 0.47 0.59 
0.10 1.78 -1.60 0.50 0.59 
0.12 1.90 -1.88 0.53 0.59 
0.14 1.78 -2.17 0.56 0.59 
0.14 1.50 -2.28 0.59 0.59 
-0.14 1.25 -2.17 0.38 0.60 
-0.12 1.14 -1.88 0.41 0.60 
-0.10 1.25 -1.60 0.44 0.60 
-0.09 1.54 -1.48 0.47 0.60 
-0.10 1.82 -1.60 0.50 0.60 
-0.12 1.94 -1.88 0.53 0.60 
-0.14 1.82 -2.17 0.56 0.60 
-0.14 1.54 -2.28 0.59 0.60 
-0.41 1.29 -2.13 0.38 0.60 
-0.35 1.18 -1.85 0.41 0.60 
-0.30 1.29 -1.58 0.44 0.60 
-0.28 1.58 -1.46 0.47 0.60 
-0.30 1.86 -1.58 0.50 0.60 
-0.35 1.98 -1.85 0.53 0.60 
-0.41 1.86 -2.13 0.56 0.60 
-0.43 1.58 -2.25 0.59 0.60 
-0.67 1.33 -2.06 0.38 0.60 
-0.58 1.22 -1.79 0.41 0.60 
-0.50 1.33 -1.53 0.44 0.60 
-0.46 1.62 -1.41 0.47 0.60 
-0.50 1.90 -1.53 0.50 0.60 
-0.58 2.02 -1.79 0.53 0.60 
-0.67 1.90 -2.06 0.56 0.60 
-0.71 1.62 -2.18 0.59 0.60 
-0.92 1.37 -1.96 0.38 0.60 
-0.80 1.26 -1.71 0.41 0.60 
-0.68 1.37 -1.45 0.44 0.60 
-0.63 1.66 -1.35 0.47 0.60 
-0.68 1.94 -1.45 0.50 0.60 
-0.80 2.06 -1.71 0.53 0.60 
-0.92 1.94 -1.96 0.56 0.60 
-0.97 1.66 -2.07 0.59 0.60 
-1.16 1.42 -1.83 0.38 0.61 
-1.01 1.30 -1.59 0.41 0.61 
-0.86 1.42 -1.35 0.44 0.61 
-0.80 1.70 -1.26 0.47 0.61 
-0.86 1.98 -1.35 0.50 0.61 
-1.01 2.10 -1.59 0.53 0.61 
-1.16 1.98 -1.83 0.56 0.61 
-1.23 1.70 -1.93 0.59 0.61 
-1.38 1.46 -1.67 0.38 0.61 
-1.20 1.34 -1.45 0.41 0.61 
-1.02 1.46 -1.24 0.44 0.61 
-0.95 1.74 -1.15 0.47 0.61 
-1.02 2.02 -1.24 0.50 0.61 
-1.20 2.14 -1.45 0.53 0.61 
-1.38 2.02 -1.67 0.56 0.61 
-1.46 1.74 -1.76 0.59 0.61 
-1.58 1.50 -1.49 0.38 0.61 
-1.38 1.38 -1.29 0.41 0.61 
-1.17 1.50 -1.10 0.44 0.61 
-1.08 1.78 -1.02 0.47 0.61 
-1.17 2.06 -1.10 0.50 0.61 
-1.38 2.18 -1.29 0.53 0.61 
-1.58 2.06 -1.49 0.56 0.61 
-1.67 1.78 -1.57 0.59 0.61 
-1.76 1.54 -1.28 0.38 0.61 
-1.53 1.42 -1.11 0.41 0.61 
-1.30 1.54 -0.94 0.44 0.61 
-1.20 1.82 -0.87 0.47 0.61 
-1.30 2.10 -0.94 0.50 0.61 
-1.53 2.22 -1.11 0.53 0.61 
-1.76 2.10 -1.28 0.56 0.61 
-1.85 1.82 -1.34 0.59 0.61 
-1.90 1.58 -1.05 0.38 0.62 
-1.65 1.46 -0.91 0.41 0.62 
-1.41 1.58 -0.77 0.44 0.62 
-1.30 1.86 -0.72 0.47 0.62 
-1.41 2.14 -0.77 0.50 0.62 
-1.65 2.26 -0.91 0.53 0.62 
-1.90 2.14 -1.05 0.56 0.62 
-2.00 1.86 -1.10 0.59 0.62 
-2.02 1.62 -0.80 0.38 0.62 
-1.75 1.50 -0.69 0.41 0.62 
-1.49 1.62 -0.59 0.44 0.62 
-1.38 1.90 -0.55 0.47 0.62 
-1.49 2.18 -0.59 0.50 0.62 
-1.75 2.30 -0.69 0.53 0.62 
-2.02 2.18 -0.80 0.56 0.62 
-2.13 1.90 -0.84 0.59 0.62 
-2.10 1.66 -0.54 0.38 0.62 
-1.83 1.54 -0.47 0.41 0.62 
-1.55 1.66 -0.40 0.44 0.62 
-1.44 1.94 -0.37 0.47 0.62 
-1.55 2.22 -0.40 0.50 0.62 
-1.83 2.34 -0.47 0.53 0.62 
-2.10 2.22 -0.54 0.56 0.62 
-2.22 1.94 -0.57 0.59 0.62 
-2.15 1.70 -0.27 0.38 0.62 
-1.87 1.58 -0.24 0.41 0.62 
-1.59 1.70 -0.20 0.44 0.62 
-1.48 1.98 -0.19 0.47 0.62 
-1.59 2.26 -0.20 0.50 0.62 
-1.87 2.38 -0.24 0.53 0.62 
-2.15 2.26 -0.27 0.56 0.62 
-2.27 1.98 -0.29 0.59 0.62 
-2.17 1.74 0.00 0.38 0.63 
-1.89 1.62 0.00 0.41 0.63 
-1.60 1.74 0.00 0.44 0.63 
-1.49 2.02 0.00 0.47 0.63 
-1.60 2.30 0.00 0.50 0.63 
-1.89 2.42 0.00 0.53 0.63 
-2.17 2.30 0.00 0.56 0.63 
-2.29 2.02 0.00 0.59 0.63 
-2.15 1.78 0.27 0.38 0.63 
-1.87 1.66 0.24 0.41 0.63 
-1.59 1.78 0.20 0.44 0.63 
-1.48 2.06 0.19 0.47 0.63 
-1.59 2.34 0.20 0.50 0.63 
-1.87 2.46 0.24 0.53 0.63 
-2.15 2.34 0.27 0.56 0.63 
-2.27 2.06 0.29 0.59 0.63 
-2.10 1.82 0.54 0.38 0.63 
-1.83 1.70 0.47 0.41 0.63 
-1.55 1.82 0.40 0.44 0.63 
-1.44 2.10 0.37 0.47 0.63 
-1.55 2.38 0.40 0.50 0.63 
-1.83 2.50 0.47 0.53 0.63 
-2.10 2.38 0.54 0.56 0.63 
-2.22 2.10 0.57 0.59 0.63 
-2.02 1.86 0.80 0.38 0.63 
-1.75 1.74 0.69 0.41 0.63 
-1.49 1.86 0.59 0.44 0.63 
-1.38 2.14 0.55 0.47 0.63 
-1.49 2.43 0.59 0.50 0.63 
-1.75 2.54 0.69 0.53 0.63 
-2.02 2.43 0.80 0.56 0.63 
-2.13 2.14 0.84 0.59 0.63 
-1.90 1.90 1.05 0.38 0.64 
-1.65 1.78 0.91 0.41 0.64 
-1.41 1.90 0.77 0.44 0.64 
-1.30 2.18 0.72 0.47 0.64 
-1.41 2.47 0.77 0.50 0.64 
-1.65 2.58 0.91 0.53 0.64 
-1.90 2.47 1.05 0.56 0.64 
-2.00 2.18 1.10 0.59 0.64 
-1.76 1.94 1.28 0.38 0.64 
-1.53 1.82 1.11 0.41 0.64 
-1.30 1.94 0.94 0.44 0.64 
-1.20 2.22 0.87 0.47 0.64 
-1.30 2.51 0.94 0.50 0.64 
-1.53 2.62 1.11 0.53 0.64 
-1.76 2.51 1.28 0.56 0.64 
-1.85 2.22 1.34 0.59 0.64 
-1.58 1.98 1.49 0.38 0.64 
-1.38 1.86 1.29 0.41 0.64 
-1.17 1.98 1.10 0.44 0.64 
-1.08 2.26 1.02 0.47 0.64 
-1.17 2.55 1.10 0.50 0.64 
-1.38 2.66 1.29 0.53 0.64 
-1.58 2.55 1.49 0.56 0.64 
-1.67 2.26 1.57 0.59 0.64 
-1.38 2.02 1.67 0.38 0.64 
-1.20 1.90 1.45 0.41 0.64 
-1.02 2.02 1.24 0.44 0.64 
-0.95 2.30 1.15 0.47 0.64 
-1.02 2.59 1.24 0.50 0.64 
-1.20 2.70 1.45 0.53 0.64 
-1.38 2.59 1.67 0.56 0.64 
-1.46 2.30 1.76 0.59 0.64 
-1.16 2.06 1.83 0.38 0.65 
-1.01 1.94 1.59 0.41 0.65 
-0.86 2.06 1.35 0.44 0.65 
-0.80 2.34 1.26 0.47 0.65 
-0.86 2.63 1.35 0.50 0.65 
-1.01 2.74 1.59 0.53 0.65 
-1.16 2.63 1.83 0.56 0.65 
-1.23 2.34 1.93 0.59 0.65 
-0.92 2.10 1.96 0.38 0.65 
-0.80 1.99 1.71 0.41 0.65 
-0.68 2.10 1.45 0.44 0.65 
-0.63 2.39 1.35 0.47 0.65 
-0.68 2.67 1.45 0.50 0.65 
-0.80 2.79 1.71 0.53 0.65 
-0.92 2.67 1.96 0.56 0.65 
-0.97 2.39 2.07 0.59 0.65 
-0.67 2.14 2.06 0.38 0.65 
-0.58 2.03 1.79 0.41 0.65 
-0.50 2.14 1.53 0.44 0.65 
-0.46 2.43 1.41 0.47 0.65 
-0.50 2.71 1.53 0.50 0.65 
-0.58 2.83 1.79 0.53 0.65 
-0.67 2.71 2.06 0.56 0.65 
-0.71 2.43 2.18 0.59 0.65 
-0.41 2.18 2.13 0.38 0.65 
-0.35 2.07 1.85 0.41 0.65 
-0.30 2.18 1.58 0.44 0.65 
-0.28 2.47 1.46 0.47 0.65 
-0.30 2.75 1.58 0.50 0.65 
-0.35 2.87 1.85 0.53 0.65 
-0.41 2.75 2.13 0.56 0.65 
-0.43 2.47 2.25 0.59 0.65 
-0.14 2.22 2.17 0.38 0.66 
-0.12 2.11 1.88 0.41 0.66 
-0.10 2.22 1.60 0.44 0.66 
-0.09 2.51 1.48 0.47 0.66 
-0.10 2.79 1.60 0.50 0.66 
-0.12 2.91 1.88 0.53 0.66 
-0.14 2.79 2.17 0.56 0.66 
-0.14 2.51 2.28 0.59 0.66 
0.14 2.26 2.17 0.38 0.66 
0.12 2.15 1.88 0.41 0.66 
0.10 2.26 1.60 0.44 0.66 
0.09 2.55 1.48 0.47 0.66 
0.10 2.83 1.60 0.50 0.66 
0.12 2.95 1.88 0.53 0.66 
0.14 2.83 2.17 0.56 0.66 
0.14 2.55 2.28 0.59 0.66 
0.41 2.30 2.13 0.38 0.66 
0.35 2.19 1.85 0.41 0.66 
0.30 2.30 1.58 0.44 0.66 
0.28 2.59 1.46 0.47 0.66 
0.30 2.87 1.58 0.50 0.66 
0.35 2.99 1.85 0.53 0.66 
0.41 2.87 2.13 0.56 0.66 
0.43 2.59 2.25 0.59 0.66 
0.67 2.34 2.06 0.38 0.66 
0.58 2.23 1.79 0.41 0.66 
0.50 2.34 1.53 0.44 0.66 
0.46 2.63 1.41 0.47 0.66 
0.50 2.91 1.53 0.50 0.66 
0.58 3.03 1.79 0.53 0.66 
0.67 2.91 2.06 0.56 0.66 
0.71 2.63 2.18 0.59 0.66 
0.92 2.39 1.96 0.38 0.67 
0.80 2.27 1.71 0.41 0.67 
0.68 2.39 1.45 0.44 0.67 
0.63 2.67 1.35 0.47 0.67 
0.68 2.95 1.45 0.50 0.67 
0.80 3.07 1.71 0.53 0.67 
0.92 2.95 1.96 0.56 0.67 
0.97 2.67 2.07 0.59 0.67 
1.16 2.43 1.83 0.38 0.67 
1.01 2.31 1.59 0.41 0.67 
0.86 2.43 1.35 0.44 0.67 
0.80 2.71 1.26 0.47 0.67 
0.86 2.99 1.35 0.50 0.67 
1.01 3.11 1.59 0.53 0.67 
1.16 2.99 1.83 0.56 0.67 
1.23 2.71 1.93 0.59 0.67 
1.38 2.47 1.67 0.38 0.67 
1.20 2.35 1.45 0.41 0.67 
1.02 2.47 1.24 0.44 0.67 
0.95 2.75 1.15 0.47 0.67 
1.02 3.03 1.24 0.50 0.67 
1.20 3.15 1.45 0.53 0.67 
1.38 3.03 1.67 0.56 0.67 
1.46 2.75 1.76 0.59 0.67 
1.58 2.51 1.49 0.38 0.67 
1.38 2.39 1.29 0.41 0.67 
1.17 2.51 1.10 0.44 0.67 
1.08 2.79 1.02 0.47 0.67 
1.17 3.07 1.10 0.50 0.67 
1.38 3.19 1.29 0.53 0.67 
1.58 3.07 1.49 0.56 0.67 
1.67 2.79 1.57 0.59 0.67 
1.76 2.55 1.28 0.38 0.68 
1.53 2.43 1.11 0.41 0.68 
1.30 2.55 0.94 0.44 0.68 
1.20 2.83 0.87 0.47 0.68 
1.30 3.11 0.94 0.50 0.68 
1.53 3.23 1.11 0.53 0.68 
1.76 3.11 1.28 0.56 0.68 
1.85 2.83 1.34 0.59 0.68 
1.90 2.59 1.05 0.38 0.68 
1.65 2.47 0.91 0.41 0.68 
1.41 2.59 0.77 0.44 0.68 
1.30 2.87 0.72 0.47 0.68 
1.41 3.15 0.77 0.50 0.68 
1.65 3.27 0.91 0.53 0.68 
1.90 3.15 1.05 0.56 0.68 
2.00 2.87 1.10 0.59 0.68 
2.02 2.63 0.80 0.38 0.68 
1.75 2.51 0.69 0.41 0.68 
1.49 2.63 0.59 0.44 0.68 
1.38 2.91 0.55 0.47 0.68 
1.49 3.19 0.59 0.50 0.68 
1.75 3.31 0.69 0.53 0.68 
2.02 3.19 0.80 0.56 0.68 
2.13 2.91 0.84 0.59 0.68 
2.10 2.67 0.54 0.38 0.68 
1.83 2.55 0.47 0.41 0.68 
1.55 2.67 0.40 0.44 0.68 
1.44 2.95 0.37 0.47 0.68 
1.55 3.23 0.40 0.50 0.68 
1.83 3.35 0.47 0.53 0.68 
2.10 3.23 0.54 0.56 0.68 
2.22 2.95 0.57 0.59 0.68 
2.15 2.71 0.27 0.38 0.69 
1.87 2.59 0.24 0.41 0.69 
1.59 2.71 0.20 0.44 0.69 
1.48 2.99 0.19 0.47 0.69 
1.59 3.27 0.20 0.50 0.69 
1.87 3.39 0.24 0.53 0.69 
2.15 3.27 0.27 0.56 0.69 
2.27 2.99 0.29 0.59 0.69 
2.17 2.75 -0.00 0.38 0.69 
1.89 2.63 -0.00 0.41 0.69 
1.60 2.75 -0.00 0.44 0.69 
1.49 3.03 -0.00 0.47 0.69 
1.60 3.31 -0.00 0.50 0.69 
1.89 3.43 -0.00 0.53 0.69 
2.17 3.31 -0.00 0.56 0.69 
2.29 3.03 -0.00 0.59 0.69 
0 1 9 
0 9 8 
1 2 10 
1 10 9 
2 3 11 
2 11 10 
3 4 12 
3 12 11 
4 5 13 
4 13 12 
5 6 14 
5 14 13 
6 7 15 
6 15 14 
7 0 8 
7 8 15 
8 9 17 
8 17 16 
9 10 18 
9 18 17 
10 11 19 
10 19 18 
11 12 20 
11 20 19 
12 13 21 
12 21 20 
13 14 22 
13 22 21 
14 15 23 
14 23 22 
15 8 16 
15 16 23 
16 17 25 
16 25 24 
17 18 26 
17 26 25 
18 19 27 
18 27 26 
19 20 28 
19 28 27 
20 21 29 
20 29 28 
21 22 30 
21 30 29 
22 23 31 
22 31 30 
23 16 24 
23 24 31 
24 25 33 
24 33 32 
25 26 34 
25 34 33 
26 27 35 
26 35 34 
27 28 36 
27 36 35 
28 29 37 
28 37 36 
29 30 38 
29 38 37 
30 31 39 
30 39 38 
31 24 32 
31 32 39 
32 33 41 
32 41 40 
33 34 42 
33 42 41 
34 35 43 
34 43 42 
35 36 44 
35 44 43 
36 37 45 
36 45 44 
37 38 46 
37 46 45 
38 39 47 
38 47 46 
39 32 40 
39 40 47 
40 41 49 
40 49 48 
41 42 50 
41 50 49 
42 43 51 
42 51 50 
43 44 52 
43 52 51 
44 45 53 
44 53 52 
45 46 54 
45 54 53 
46 47 55 
46 55 54 
47 40 48 
47 48 55 
48 49 57 
48 57 56 
49 50 58 
49 58 57 
50 51 59 
50 59 58 
51 52 60 
51 60 59 
52 53 61 
52 61 60 
53 54 62 
53 62 61 
54 55 63 
54 63 62 
55 48 56 
55 56 63 
56 57 65 
56 65 64 
57 58 66 
57 66 65 
58 59 67 
58 67 66 
59 60 68 
59 68 67 
60 61 69 
60 69 68 
61 62 70 
61 70 69 
62 63 71 
62 71 70 
63 56 64 
63 64 71 
64 65 73 
64 73 72 
65 66 74 
65 74 73 
66 67 75 
66 75 74 
67 68 76 
67 76 75 
68 69 77 
68 77 76 
69 70 78 
69 78 77 
70 71 79 
70 79 78 
71 64 72 
71 72 79 
72 73 81 
72 81 80 
73 74 82 
73 82 81 
74 75 83 
74 83 82 
75 76 84 
75 84 83 
76 77 85 
76 85 84 
77 78 86 
77 86 85 
78 79 87 
78 87 86 
79 72 80 
79 80 87 
80 81 89 
80 89 88 
81 82 90 
81 90 89 
82 83 91 
82 91 90 
83 84 92 
83 92 91 
84 85 93 
84 93 92 
85 86 94 
85 94 93 
86 87 95 
86 95 94 
87 80 88 
87 88 95 
88 89 97 
88 97 96 
89 90 98 
89 98 97 
90 91 99 
90 99 98 
91 92 100 
91 100 99 
92 93 101 
92 101 100 
93 94 102 
93 102 101 
94 95 103 
94 103 102 
95 88 96 
95 96 103 
96 97 105 
96 105 104 
97 98 106 
97 106 105 
98 99 107 
98 107 106 
99 100 108 
99 108 107 
100 101 109 
100 109 108 
101 102 110 
101 110 109 
102 103 111 
102 111 110 
103 96 104 
103 104 111 
104 105 113 
104 113 112 
105 106 114 
105 114 113 
106 107 115 
106 115 114 
107 108 116 
107 116 115 
108 109 117 
108 117 116 
109 110 118 
109 118 117 
110 111 119 
110 119 118 
111 104 112 
111 112 119 
112 113 121 
112 121 120 
113 114 122 
113 122 121 
114 115 123 
114 123 122 
115 116 124 
115 124 123 
116 117 125 
116 125 124 
117 118 126 
117 126 125 
118 119 127 
118 127 126 
119 112 120 
119 120 127 
120 121 129 
120 129 128 
121 122 130 
121 130 129 
122 123 131 
122 131 130 
123 124 132 
123 132 131 
124 125 133 
124 133 132 
125 126 134 
125 134 133 
126 127 135 
126 135 134 
127 120 128 
127 128 135 
128 129 137 
128 137 136 
129 130 138 
129 138 137 
130 131 139 
130 139 138 
131 132 140 
131 140 139 
132 133 141 
132 141 140 
133 134 142 
133 142 141 
134 135 143 
134 143 142 
135 128 136 
135 136 143 
136 137 145 
136 145 144 
137 138 146 
137 146 145 
138 139 147 
138 147 146 
139 140 148 
139 148 147 
140 141 149 
140 149 148 
141 142 150 
141 150 149 
142 143 151 
142 151 150 
143 136 144 
143 144 151 
144 145 153 
144 153 152 
145 146 154 
145 154 153 
146 147 155 
146 155 154 
147 148 156 
147 156 155 
148 149 157 
148 157 156 
149 150 158 
149 158 157 
150 151 159 
150 159 158 
151 144 152 
151 152 159 
152 153 161 
152 161 160 
153 154 162 
153 162 161 
154 155 163 
154 163 162 
155 156 164 
155 164 163 
156 157 165 
156 165 164 
157 158 166 
157 166 165 
158 159 167 
158 167 166 
159 152 160 
159 160 167 
160 161 169 
160 169 168 
161 162 170 
161 170 169 
162 163 171 
162 171 170 
163 164 172 
163 172 171 
164 165 173 
164 173 172 
165 166 174 
165 174 173 
166 167 175 
166 175 174 
167 160 168 
167 168 175 
168 169 177 
168 177 176 
169 170 178 
169 178 177 
170 171 179 
170 179 178 
171 172 180 
171 180 179 
172 173 181 
172 181 180 
173 174 182 
173 182 181 
174 175 183 
174 183 182 
175 168 176 
175 176 183 
176 177 185 
176 185 184 
177 178 186 
177 186 185 
178 179 187 
178 187 186 
179 180 188 
179 188 187 
180 181 189 
180 189 188 
181 182 190 
181 190 189 
182 183 191 
182 191 190 
183 176 184 
183 184 191 
184 185 193 
184 193 192 
185 186 194 
185 194 193 
186 187 195 
186 195 194 
187 188 196 
187 196 195 
188 189 197 
188 197 196 
189 190 198 
189 198 197 
190 191 199 
190 199 198 
191 184 192 
191 192 199 
192 193 201 
192 201 200 
193 194 202 
193 202 201 
194 195 203 
194 203 202 
195 196 204 
195 204 203 
196 197 205 
196 205 204 
197 198 206 
197 206 205 
198 199 207 
198 207 206 
199 192 200 
199 200 207 
200 201 209 
200 209 208 
201 202 210 
201 210 209 
202 203 211 
202 211 210 
203 204 212 
203 212 211 
204 205 213 
204 213 212 
205 206 214 
205 214 213 
206 207 215 
206 215 214 
207 200 208 
207 208 215 
208 209 217 
208 217 216 
209 210 218 
209 218 217 
210 211 219 
210 219 218 
211 212 220 
211 220 219 
212 213 221 
212 221 220 
213 214 222 
213 222 221 
214 215 223 
214 223 222 
215 208 216 
215 216 223 
216 217 225 
216 225 224 
217 218 226 
217 226 225 
218 219 227 
218 227 226 
219 220 228 
219 228 227 
220 221 229 
220 229 228 
221 222 230 
221 230 229 
222 223 231 
222 231 230 
223 216 224 
223 224 231 
224 225 233 
224 233 232 
225 226 234 
225 234 233 
226 227 235 
226 235 234 
227 228 236 
227 236 235 
228 229 237 
228 237 236 
229 230 238 
229 238 237 
230 231 239 
230 239 238 
231 224 232 
231 232 239 
232 233 241 
232 241 240 
233 234 242 
233 242 241 
234 235 243 
234 243 242 
235 236 244 
235 244 243 
236 237 245 
236 245 244 
237 238 246 
237 246 245 
238 239 247 
238 247 246 
239 232 240 
239 240 247 
240 241 249 
240 249 248 
241 242 250 
241 250 249 
242 243 251 
242 251 250 
243 244 252 
243 252 251 
244 245 253 
244 253 252 
245 246 254 
245 254 253 
246 247 255 
246 255 254 
247 240 248 
247 248 255 
248 249 257 
248 257 256 
249 250 258 
249 258 257 
250 251 259 
250 259 258 
251 252 260 
251 260 259 
252 253 261 
252 261 260 
253 254 262 
253 262 261 
254 255 263 
254 263 262 
255 248 256 
255 256 263 
256 257 265 
256 265 264 
257 258 266 
257 266 265 
258 259 267 
258 267 266 
259 260 268 
259 268 267 
260 261 269 
260 269 268 
261 262 270 
261 270 269 
262 263 271 
262 271 270 
263 256 264 
263 264 271 
264 265 273 
264 273 272 
265 266 274 
265 274 273 
266 267 275 
266 275 274 
267 268 276 
267 276 275 
268 269 277 
268 277 276 
269 270 278 
269 278 277 
270 271 279 
270 279 278 
271 264 272 
271 272 279 
272 273 281 
272 281 280 
273 274 282 
273 282 281 
274 275 283 
274 283 282 
275 276 284 
275 284 283 
276 277 285 
276 285 284 
277 278 286 
277 286 285 
278 279 287 
278 287 286 
279 272 280 
279 280 287 
280 281 289 
280 289 288 
281 282 290 
281 290 289 
282 283 291 
282 291 290 
283 284 292 
283 292 291 
284 285 293 
284 293 292 
285 286 294 
285 294 293 
286 287 295 
286 295 294 
287 280 288 
287 288 295 
288 289 297 
288 297 296 
289 290 298 
289 298 297 
290 291 299 
290 299 298 
291 292 300 
291 300 299 
292 293 301 
292 301 300 
293 294 302 
293 302 301 
294 295 303 
294 303 302 
295 288 296 
295 296 303 
296 297 305 
296 305 304 
297 298 306 
297 306 305 
298 299 307 
298 307 306 
299 300 308 
299 308 307 
300 301 309 
300 309 308 
301 302 310 
301 310 309 
302 303 311 
302 311 310 
303 296 304 
303 304 311 
304 305 313 
304 313 312 
305 306 314 
305 314 313 
306 307 315 
306 315 314 
307 308 316 
307 316 315 
308 309 317 
308 317 316 
309 310 318 
309 318 317 
310 311 319 
310 319 318 
311 304 312 
311 312 319 
312 313 321 
312 321 320 
313 314 322 
313 322 321 
314 315 323 
314 323 322 
315 316 324 
315 324 323 
316 317 325 
316 325 324 
317 318 326 
317 326 325 
318 319 327 
318 327 326 
319 312 320 
319 320 327 
320 321 329 
320 329 328 
321 322 330 
321 330 329 
322 323 331 
322 331 330 
323 324 332 
323 332 331 
324 325 333 
324 333 332 
325 326 334 
325 334 333 
326 327 335 
326 335 334 
327 320 328 
327 328 335 
328 329 337 
328 337 336 
329 330 338 
329 338 337 
330 331 339 
330 339 338 
331 332 340 
331 340 339 
332 333 341 
332 341 340 
333 334 342 
333 342 341 
334 335 343 
334 343 342 
335 328 336 
335 336 343 
336 337 345 
336 345 344 
337 338 346 
337 346 345 
338 339 347 
338 347 346 
339 340 348 
339 348 347 
340 341 349 
340 349 348 
341 342 350 
341 350 349 
342 343 351 
342 351 350 
343 336 344 
343 344 351 
344 345 353 
344 353 352 
345 346 354 
345 354 353 
346 347 355 
346 355 354 
347 348 356 
347 356 355 
348 349 357 
348 357 356 
349 350 358 
349 358 357 
350 351 359 
350 359 358 
351 344 352 
351 352 359 
352 353 361 
352 361 360 
353 354 362 
353 362 361 
354 355 363 
354 363 362 
355 356 364 
355 364 363 
356 357 365 
356 365 364 
357 358 366 
357 366 365 
358 359 367 
358 367 366 
359 352 360 
359 360 367 
360 361 369 
360 369 368 
361 362 370 
361 370 369 
362 363 371 
362 371 370 
363 364 372 
363 372 371 
364 365 373 
364 373 372 
365 366 374 
365 374 373 
366 367 375 
366 375 374 
367 360 368 
367 368 375 
368 369 377 
368 377 376 
369 370 378 
369 378 377 
370 371 379 
370 379 378 
371 372 380 
371 380 379 
372 373 381 
372 381 380 
373 374 382 
373 382 381 
374 375 383 
374 383 382 
375 368 376 
375 376 383 
376 377 385 
376 385 384 
377 378 386 
377 386 385 
378 379 387 
378 387 386 
379 380 388 
379 388 387 
380 381 389 
380 389 388 
381 382 390 
381 390 389 
382 383 391 
382 391 390 
383 376 384 
383 384 391 
384 385 393 
384 393 392 
385 386 394 
385 394 393 
386 387 395 
386 395 394 
387 388 396 
387 396 395 
388 389 397 
388 397 396 
389 390 398 
389 398 397 
390 391 399 
390 399 398 
391 384 392 
391 392 399 
392 393 401 
392 401 400 
393 394 402 
393 402 401 
394 395 403 
394 403 402 
395 396 404 
395 404 403 
396 397 405 
396 405 404 
397 398 406 
397 406 405 
398 399 407 
398 407 406 
399 392 400 
399 400 407 
400 401 409 
400 409 408 
401 402 410 
401 410 409 
402 403 411 
402 411 410 
403 404 412 
403 412 411 
404 405 413 
404 413 412 
405 406 414 
405 414 413 
406 407 415 
406 415 414 
407 400 408 
407 408 415 
408 409 417 
408 417 416 
409 410 418 
409 418 417 
410 411 419 
410 419 418 
411 412 420 
411 420 419 
412 413 421 
412 421 420 
413 414 422 
413 422 421 
414 415 423 
414 423 422 
415 408 416 
415 416 423 
416 417 425 
416 425 424 
417 418 426 
417 426 425 
418 419 427 
418 427 426 
419 420 428 
419 428 427 
420 421 429 
420 429 428 
421 422 430 
421 430 429 
422 423 431 
422 431 430 
423 416 424 
423 424 431 
424 425 433 
424 433 432 
425 426 434 
425 434 433 
426 427 435 
426 435 434 
427 428 436 
427 436 435 
428 429 437 
428 437 436 
429 430 438 
429 438 437 
430 431 439 
430 439 438 
431 424 432 
431 432 439 
432 433 441 
432 441 440 
433 434 442 
433 442 441 
434 435 443 
434 443 442 
435 436 444 
435 444 443 
436 437 445 
436 445 444 
437 438 446 
437 446 445 
438 439 447 
438 447 446 
439 432 440 
439 440 447 
440 441 449 
440 449 448 
441 442 450 
441 450 449 
442 443 451 
442 451 450 
443 444 452 
443 452 451 
444 445 453 
444 453 452 
445 446 454 
445 454 453 
446 447 455 
446 455 454 
447 440 448 
447 448 455 
448 449 457 
448 457 456 
449 450 458 
449 458 457 
450 451 459 
450 459 458 
451 452 460 
451 460 459 
452 453 461 
452 461 460 
453 454 462 
453 462 461 
454 455 463 
454 463 462 
455 448 456 
455 456 463 
456 457 465 
456 465 464 
457 458 466 
457 466 465 
458 459 467 
458 467 466 
459 460 468 
459 468 467 
460 461 469 
460 469 468 
461 462 470 
461 470 469 
462 463 471 
462 471 470 
463 456 464 
463 464 471 
464 465 473 
464 473 472 
465 466 474 
465 474 473 
466 467 475 
466 475 474 
467 468 476 
467 476 475 
468 469 477 
468 477 476 
469 470 478 
469 478 477 
470 471 479 
470 479 478 
471 464 472 
471 472 479 
472 473 481 
472 481 480 
473 474 482 
473 482 481 
474 475 483 
474 483 482 
475 476 484 
475 484 483 
476 477 485 
476 485 484 
477 478 486 
477 486 485 
478 479 487 
478 487 486 
479 472 480 
479 480 487 
480 481 489 
480 489 488 
481 482 490 
481 490 489 
482 483 491 
482 491 490 
483 484 492 
483 492 491 
484 485 493 
484 493 492 
485 486 494 
485 494 493 
486 487 495 
486 495 494 
487 480 488 
487 488 495 
488 489 497 
488 497 496 
489 490 498 
489 498 497 
490 491 499 
490 499 498 
491 492 500 
491 500 499 
492 493 501 
492 501 500 
493 494 502 
493 502 501 
494 495 503 
494 503 502 
495 488 496 
495 496 503 
496 497 505 
496 505 504 
497 498 506 
497 506 505 
498 499 507 
498 507 506 
499 500 508 
499 508 507 
500 501 509 
500 509 508 
501 502 510 
501 510 509 
502 503 511 
502 511 510 
503 496 504 
503 504 511 
504 505 513 
504 513 512 
505 506 514 
505 514 513 
506 507 515 
506 515 514 
507 508 516 
507 516 515 
508 509 517 
508 517 516 
509 510 518 
509 518 517 
510 511 519 
510 519 518 
511 504 512 
511 512 519 
512 513 521 
512 521 520 
513 514 522 
513 522 521 
514 515 523 
514 523 522 
515 516 524 
515 524 523 
516 517 525 
516 525 524 
517 518 526 
517 526 525 
518 519 527 
518 527 526 
519 512 520 
519 520 527 
520 521 529 
520 529 528 
521 522 530 
521 530 529 
522 523 531 
522 531 530 
523 524 532 
523 532 531 
524 525 533 
524 533 532 
525 526 534 
525 534 533 
526 527 535 
526 535 534 
527 520 528 
527 528 535 
528 529 537 
528 537 536 
529 530 538 
529 538 537 
530 531 539 
530 539 538 
531 532 540 
531 540 539 
532 533 541 
532 541 540 
533 534 542 
533 542 541 
534 535 543 
534 543 542 
535 528 536 
535 536 543 
536 537 545 
536 545 544 
537 538 546 
537 546 545 
538 539 547 
538 547 546 
539 540 548 
539 548 547 
540 541 549 
540 549 548 
541 542 550 
541 550 549 
542 543 551 
542 551 550 
543 536 544 
543 544 551 
544 545 553 
544 553 552 
545 546 554 
545 554 553 
546 547 555 
546 555 554 
547 548 556 
547 556 555 
548 549 557 
548 557 556 
549 550 558 
549 558 557 
550 551 559 
550 559 558 
551 544 552 
551 552 559 
552 553 561 
552 561 560 
553 554 562 
553 562 561 
554 555 563 
554 563 562 
555 556 564 
555 564 563 
556 557 565 
556 565 564 
557 558 566 
557 566 565 
558 559 567 
558 567 566 
559 552 560 
559 560 567 
560 561 569 
560 569 568 
561 562 570 
561 570 569 
562 563 571 
562 571 570 
563 564 572 
563 572 571 
564 565 573 
564 573 572 
565 566 574 
565 574 573 
566 567 575 
566 575 574 
567 560 568 
567 568 575 
568 569 577 
568 577 576 
569 570 578 
569 578 577 
570 571 579 
570 579 578 
571 572 580 
571 580 579 
572 573 581 
572 581 580 
573 574 582 
573 582 581 
574 575 583 
574 583 582 
575 568 576 
575 576 583 
576 577 585 
576 585 584 
577 578 586 
577 586 585 
578 579 587 
578 587 586 
579 580 588 
579 588 587 
580 581 589 
580 589 588 
581 582 590 
581 590 589 
582 583 591 
582 591 590 
583 576 584 
583 584 591 
584 585 593 
584 593 592 
585 586 594 
585 594 593 
586 587 595 
586 595 594 
587 588 596 
587 596 595 
588 589 597 
588 597 596 
589 590 598 
589 598 597 
590 591 599 
590 599 598 
591 584 592 
591 592 599 
592 593 601 
592 601 600 
593 594 602 
593 602 601 
594 595 603 
594 603 602 
595 596 604 
595 604 603 
596 597 605 
596 605 604 
597 598 606 
597 606 605 
598 599 607 
598 607 606 
599 592 600 
599 600 607 
600 601 609 
600 609 608 
601 602 610 
601 610 609 
602 603 611 
602 611 610 
603 604 612 
603 612 611 
604 605 613 
604 613 612 
605 606 614 
605 614 613 
606 607 615 
606 615 614 
607 600 608 
607 608 615 
608 609 617 
608 617 616 
609 610 618 
609 618 617 
610 611 619 
610 619 618 
611 612 620 
611 620 619 
612 613 621 
612 621 620 
613 614 622 
613 622 621 
614 615 623 
614 623 622 
615 608 616 
615 616 623 
616 617 625 
616 625 624 
617 618 626 
617 626 625 
618 619 627 
618 627 626 
619 620 628 
619 628 627 
620 621 629 
620 629 628 
621 622 630 
621 630 629 
622 623 631 
622 631 630 
623 616 624 
623 624 631 
624 625 633 
624 633 632 
625 626 634 
625 634 633 
626 627 635 
626 635 634 
627 628 636 
627 636 635 
628 629 637 
628 637 636 
629 630 638 
629 638 637 
630 631 639 
630 639 638 
631 624 632 
631 632 639 
632 633 641 
632 641 640 
633 634 642 
633 642 641 
634 635 643 
634 643 642 
635 636 644 
635 644 643 
636 637 645 
636 645 644 
637 638 646 
637 646 645 
638 639 647 
638 647 646 
639 632 640 
639 640 647 
640 641 649 
640 649 648 
641 642 650 
641 650 649 
642 643 651 
642 651 650 
643 644 652 
643 652 651 
644 645 653 
644 653 652 
645 646 654 
645 654 653 
646 647 655 
646 655 654 
647 640 648 
647 648 655 
648 649 657 
648 657 656 
649 650 658 
649 658 657 
650 651 659 
650 659 658 
651 652 660 
651 660 659 
652 653 661 
652 661 660 
653 654 662 
653 662 661 
654 655 663 
654 663 662 
655 648 656 
655 656 663 
656 657 665 
656 665 664 
657 658 666 
657 666 665 
658 659 667 
658 667 666 
659 660 668 
659 668 667 
660 661 669 
660 669 668 
661 662 670 
661 670 669 
662 663 671 
662 671 670 
663 656 664 
663 664 671 
664 665 673 
664 673 672 
665 666 674 
665 674 673 
666 667 675 
666 675 674 
667 668 676 
667 676 675 
668 669 677 
668 677 676 
669 670 678 
669 678 677 
670 671 679 
670 679 678 
671 664 672 
671 672 679 
672 673 681 
672 681 680 
673 674 682 
673 682 681 
674 675 683 
674 683 682 
675 676 684 
675 684 683 
676 677 685 
676 685 684 
677 678 686 
677 686 685 
678 679 687 
678 687 686 
679 672 680 
679 680 687 
680 681 689 
680 689 688 
681 682 690 
681 690 689 
682 683 691 
682 691 690 
683 684 692 
683 692 691 
684 685 693 
684 693 692 
685 686 694 
685 694 693 
686 687 695 
686 695 694 
687 680 688 
687 688 695 
688 689 697 
688 697 696 
689 690 698 
689 698 697 
690 691 699 
690 699 698 
691 692 700 
691 700 699 
692 693 701 
692 701 700 
693 694 702 
693 702 701 
694 695 703 
694 703 702 
695 688 696 
695 696 703 
696 697 705 
696 705 704 
697 698 706 
697 706 705 
698 699 707 
698 707 706 
699 700 708 
699 708 707 
700 701 709 
700 709 708 
701 702 710 
701 710 709 
702 703 711 
702 711 710 
703 696 704 
703 704 711 
704 705 713 
704 713 712 
705 706 714 
705 714 713 
706 707 715 
706 715 714 
707 708 716 
707 716 715 
708 709 717 
708 717 716 
709 710 718 
709 718 717 
710 711 719 
710 719 718 
711 704 712 
711 712 719 
712 713 721 
712 721 720 
713 714 722 
713 722 721 
714 715 723 
714 723 722 
715 716 724 
715 724 723 
716 717 725 
716 725 724 
717 718 726 
717 726 725 
718 719 727 
718 727 726 
719 712 720 
719 720 727 
720 721 729 
720 729 728 
721 722 730 
721 730 729 
722 723 731 
722 731 730 
723 724 732 
723 732 731 
724 725 733 
724 733 732 
725 726 734 
725 734 733 
726 727 735 
726 735 734 
727 720 728 
727 728 735 
728 729 737 
728 737 736 
729 730 738 
729 738 737 
730 731 739 
730 739 738 
731 732 740 
731 740 739 
732 733 741 
732 741 740 
733 734 742 
733 742 741 
734 735 743 
734 743 742 
735 728 736 
735 736 743 
736 737 745 
736 745 744 
737 738 746 
737 746 745 
738 739 747 
738 747 746 
739 740 748 
739 748 747 
740 741 749 
740 749 748 
741 742 750 
741 750 749 
742 743 751 
742 751 750 
743 736 744 
743 744 751 
744 745 753 
744 753 752 
745 746 754 
745 754 753 
746 747 755 
746 755 754 
747 748 756 
747 756 755 
748 749 757 
748 757 756 
749 750 758 
749 758 757 
750 751 759 
750 759 758 
751 744 752 
751 752 759 
752 753 761 
752 761 760 
753 754 762 
753 762 761 
754 755 763 
754 763 762 
755 756 764 
755 764 763 
756 757 765 
756 765 764 
757 758 766 
757 766 765 
758 759 767 
758 767 766 
759 752 760 
759 760 767 
760 761 769 
760 769 768 
761 762 770 
761 770 769 
762 763 771 
762 771 770 
763 764 772 
763 772 771 
764 765 773 
764 773 772 
765 766 774 
765 774 773 
766 767 775 
766 775 774 
767 760 768 
767 768 775 
768 769 777 
768 777 776 
769 770 778 
769 778 777 
770 771 779 
770 779 778 
771 772 780 
771 780 779 
772 773 781 
772 781 780 
773 774 782 
773 782 781 
774 775 783 
774 783 782 
775 768 776 
775 776 783 
776 777 785 
776 785 784 
777 778 786 
777 786 785 
778 779 787 
778 787 786 
779 780 788 
779 788 787 
780 781 789 
780 789 788 
781 782 790 
781 790 789 
782 783 791 
782 791 790 
783 776 784 
783 784 791 
784 785 793 
784 793 792 
785 786 794 
785 794 793 
786 787 795 
786 795 794 
787 788 796 
787 796 795 
788 789 797 
788 797 796 
789 790 798 
789 798 797 
790 791 799 
790 799 798 
791 784 792 
791 792 799 
792 793 801 
792 801 800 
793 794 802 
793 802 801 
794 795 803 
794 803 802 
795 796 804 
795 804 803 
796 797 805 
796 805 804 
797 798 806 
797 806 805 
798 799 807 
798 807 806 
799 792 800 
799 800 807 
800 801 809 
800 809 808 
801 802 810 
801 810 809 
802 803 811 
802 811 810 
803 804 812 
803 812 811 
804 805 813 
804 813 812 
805 806 814 
805 814 813 
806 807 815 
806 815 814 
807 800 808 
807 808 815 
808 809 817 
808 817 816 
809 810 818 
809 818 817 
810 811 819 
810 819 818 
811 812 820 
811 820 819 
812 813 821 
812 821 820 
813 814 822 
813 822 821 
814 815 823 
814 823 822 
815 808 816 
815 816 823 
816 817 825 
816 825 824 
817 818 826 
817 826 825 
818 819 827 
818 827 826 
819 820 828 
819 828 827 
820 821 829 
820 829 828 
821 822 830 
821 830 829 
822 823 831 
822 831 830 
823 816 824 
823 824 831 
824 825 833 
824 833 832 
825 826 834 
825 834 833 
826 827 835 
826 835 834 
827 828 836 
827 836 835 
828 829 837 
828 837 836 
829 830 838 
829 838 837 
830 831 839 
830 839 838 
831 824 832 
831 832 839 
832 833 841 
832 841 840 
833 834 842 
833 842 841 
834 835 843 
834 843 842 
835 836 844 
835 844 843 
836 837 845 
836 845 844 
837 838 846 
837 846 845 
838 839 847 
838 847 846 
839 832 840 
839 840 847 
840 841 849 
840 849 848 
841 842 850 
841 850 849 
842 843 851 
842 851 850 
843 844 852 
843 852 851 
844 845 853 
844 853 852 
845 846 854 
845 854 853 
846 847 855 
846 855 854 
847 840 848 
847 848 855 
848 849 857 
848 857 856 
849 850 858 
849 858 857 
850 851 859 
850 859 858 
851 852 860 
851 860 859 
852 853 861 
852 861 860 
853 854 862 
853 862 861 
854 855 863 
854 863 862 
855 848 856 
855 856 863 
856 857 865 
856 865 864 
857 858 866 
857 866 865 
858 859 867 
858 867 866 
859 860 868 
859 868 867 
860 861 869 
860 869 868 
861 862 870 
861 870 869 
862 863 871 
862 871 870 
863 856 864 
863 864 871 
864 865 873 
864 873 872 
865 866 874 
865 874 873 
866 867 875 
866 875 874 
867 868 876 
867 876 875 
868 869 877 
868 877 876 
869 870 878 
869 878 877 
870 871 879 
870 879 878 
871 864 872 
871 872 879 
872 873 881 
872 881 880 
873 874 882 
873 882 881 
874 875 883 
874 883 882 
875 876 884 
875 884 883 
876 877 885 
876 885 884 
877 878 886 
877 886 885 
878 879 887 
878 887 886 
879 872 880 
879 880 887 
880 881 889 
880 889 888 
881 882 890 
881 890 889 
882 883 891 
882 891 890 
883 884 892 
883 892 891 
884 885 893 
884 893 892 
885 886 894 
885 894 893 
886 887 895 
886 895 894 
887 880 888 
887 888 895 
888 889 897 
888 897 896 
889 890 898 
889 898 897 
890 891 899 
890 899 898 
891 892 900 
891 900 899 
892 893 901 
892 901 900 
893 894 902 
893 902 901 
894 895 903 
894 903 902 
895 888 896 
895 896 903 
896 897 905 
896 905 904 
897 898 906 
897 906 905 
898 899 907 
898 907 906 
899 900 908 
899 908 907 
900 901 909 
900 909 908 
901 902 910 
901 910 909 
902 903 911 
902 911 910 
903 896 904 
903 904 911 
904 905 913 
904 913 912 
905 906 914 
905 914 913 
906 907 915 
906 915 914 
907 908 916 
907 916 915 
908 909 917 
908 917 916 
909 910 918 
909 918 917 
910 911 919 
910 919 918 
911 904 912 
911 912 919 
912 913 921 
912 921 920 
913 914 922 
913 922 921 
914 915 923 
914 923 922 
915 916 924 
915 924 923 
916 917 925 
916 925 924 
917 918 926 
917 926 925 
918 919 927 
918 927 926 
919 912 920 
919 920 927 
920 921 929 
920 929 928 
921 922 930 
921 930 929 
922 923 931 
922 931 930 
923 924 932 
923 932 931 
924 925 933 
924 933 932 
925 926 934 
925 934 933 
926 927 935 
926 935 934 
927 920 928 
927 928 935 
928 929 937 
928 937 936 
929 930 938 
929 938 937 
930 931 939 
930 939 938 
931 932 940 
931 940 939 
932 933 941 
932 941 940 
933 934 942 
933 942 941 
934 935 943 
934 943 942 
935 928 936 
935 936 943 
936 937 945 
936 945 944 
937 938 946 
937 946 945 
938 939 947 
938 947 946 
939 940 948 
939 948 947 
940 941 949 
940 949 948 
941 942 950 
941 950 949 
942 943 951 
942 951 950 
943 936 944 
943 944 951 
944 945 953 
944 953 952 
945 946 954 
945 954 953 
946 947 955 
946 955 954 
947 948 956 
947 956 955 
948 949 957 
948 957 956 
949 950 958 
949 958 957 
950 951 959 
950 959 958 
951 944 952 
951 952 959 
952 953 961 
952 961 960 
953 954 962 
953 962 961 
954 955 963 
954 963 962 
955 956 964 
955 964 963 
956 957 965 
956 965 964 
957 958 966 
957 966 965 
958 959 967 
958 967 966 
959 952 960 
959 960 967 
960 961 969 
960 969 968 
961 962 970 
961 970 969 
962 963 971 
962 971 970 
963 964 972 
963 972 971 
964 965 973 
964 973 972 
965 966 974 
965 974 973 
966 967 975 
966 975 974 
967 960 968 
967 968 975 
968 969 977 
968 977 976 
969 970 978 
969 978 977 
970 971 979 
970 979 978 
971 972 980 
971 980 979 
972 973 981 
972 981 980 
973 974 982 
973 982 981 
974 975 983 
974 983 982 
975 968 976 
975 976 983 
976 977 985 
976 985 984 
977 978 986 
977 986 985 
978 979 987 
978 987 986 
979 980 988 
979 988 987 
980 981 989 
980 989 988 
981 982 990 
981 990 989 
982 983 991 
982 991 990 
983 976 984 
983 984 991 
984 985 993 
984 993 992 
985 986 994 
985 994 993 
986 987 995 
986 995 994 
987 988 996 
987 996 995 
988 989 997 
988 997 996 
989 990 998 
989 998 997 
990 991 999 
990 999 998 
991 984 992 
991 992 999 
992 993 1001 
992 1001 1000 
993 994 1002 
993 1002 1001 
994 995 1003 
994 1003 1002 
995 996 1004 
995 1004 1003 
996 997 1005 
996 1005 1004 
997 998 1006 
997 1006 1005 
998 999 1007 
998 1007 1006 
999 992 1000 
999 1000 1007 
1000 1001 1009 
1000 1009 1008 
1001 1002 1010 
1001 1010 1009 
1002 1003 1011 
1002 1011 1010 
1003 1004 1012 
1003 1012 1011 
1004 1005 1013 
1004 1013 1012 
1005 1006 1014 
1005 1014 1013 
1006 1007 1015 
1006 1015 1014 
1007 1000 1008 
1007 1008 1015 
1008 1009 1017 
1008 1017 1016 
1009 1010 1018 
1009 1018 1017 
1010 1011 1019 
1010 1019 1018 
1011 1012 1020 
1011 1020 1019 
1012 1013 1021 
1012 1021 1020 
1013 1014 1022 
1013 1022 1021 
1014 1015 1023 
1014 1023 1022 
1015 1008 1016 
1015 1016 1023 
1016 1017 1025 
1016 1025 1024 
1017 1018 1026 
1017 1026 1025 
1018 1019 1027 
1018 1027 1026 
1019 1020 1028 
1019 1028 1027 
1020 1021 1029 
1020 1029 1028 
1021 1022 1030 
1021 1030 1029 
1022 1023 1031 
1022 1031 1030 
1023 1016 1024 
1023 1024 1031 
1024 1025 1033 
1024 1033 1032 
1025 1026 1034 
1025 1034 1033 
1026 1027 1035 
1026 1035 1034 
1027 1028 1036 
1027 1036 1035 
1028 1029 1037 
1028 1037 1036 
1029 1030 1038 
1029 1038 1037 
1030 1031 1039 
1030 1039 1038 
1031 1024 1032 
1031 1032 1039 
1032 1033 1041 
1032 1041 1040 
1033 1034 1042 
1033 1042 1041 
1034 1035 1043 
1034 1043 1042 
1035 1036 1044 
1035 1044 1043 
1036 1037 1045 
1036 1045 1044 
1037 1038 1046 
1037 1046 1045 
1038 1039 1047 
1038 1047 1046 
1039 1032 1040 
1039 1040 1047 
1040 1041 1049 
1040 1049 1048 
1041 1042 1050 
1041 1050 1049 
1042 1043 1051 
1042 1051 1050 
1043 1044 1052 
1043 1052 1051 
1044 1045 1053 
1044 1053 1052 
1045 1046 1054 
1045 1054 1053 
1046 1047 1055 
1046 1055 1054 
1047 1040 1048 
1047 1048 1055 
1048 1049 1057 
1048 1057 1056 
1049 1050 1058 
1049 1058 1057 
1050 1051 1059 
1050 1059 1058 
1051 1052 1060 
1051 1060 1059 
1052 1053 1061 
1052 1061 1060 
1053 1054 1062 
1053 1062 1061 
1054 1055 1063 
1054 1063 1062 
1055 1048 1056 
1055 1056 1063 
1056 1057 1065 
1056 1065 1064 
1057 1058 1066 
1057 1066 1065 
1058 1059 1067 
1058 1067 1066 
1059 1060 1068 
1059 1068 1067 
1060 1061 1069 
1060 1069 1068 
1061 1062 1070 
1061 1070 1069 
1062 1063 1071 
1062 1071 1070 
1063 1056 1064 
1063 1064 1071 
1064 1065 1073 
1064 1073 1072 
1065 1066 1074 
1065 1074 1073 
1066 1067 1075 
1066 1075 1074 
1067 1068 1076 
1067 1076 1075 
1068 1069 1077 
1068 1077 1076 
1069 1070 1078 
1069 1078 1077 
1070 1071 1079 
1070 1079 1078 
1071 1064 1072 
1071 1072 1079 
1072 1073 1081 
1072 1081 1080 
1073 1074 1082 
1073 1082 1081 
1074 1075 1083 
1074 1083 1082 
1075 1076 1084 
1075 1084 1083 
1076 1077 1085 
1076 1085 1084 
1077 1078 1086 
1077 1086 1085 
1078 1079 1087 
1078 1087 1086 
1079 1072 1080 
1079 1080 1087 
1080 1081 1089 
1080 1089 1088 
1081 1082 1090 
1081 1090 1089 
1082 1083 1091 
1082 1091 1090 
1083 1084 1092 
1083 1092 1091 
1084 1085 1093 
1084 1093 1092 
1085 1086 1094 
1085 1094 1093 
1086 1087 1095 
1086 1095 1094 
1087 1080 1088 
1087 1088 1095 
1088 1089 1097 
1088 1097 1096 
1089 1090 1098 
1089 1098 1097 
1090 1091 1099 
1090 1099 1098 
1091 1092 1100 
1091 1100 1099 
1092 1093 1101 
1092 1101 1100 
1093 1094 1102 
1093 1102 1101 
1094 1095 1103 
1094 1103 1102 
1095 1088 1096 
1095 1096 1103 
1096 1097 1105 
1096 1105 1104 
1097 1098 1106 
1097 1106 1105 
1098 1099 1107 
1098 1107 1106 
1099 1100 1108 
1099 1108 1107 
1100 1101 1109 
1100 1109 1108 
1101 1102 1110 
1101 1110 1109 
1102 1103 1111 
1102 1111 1110 
1103 1096 1104 
1103 1104 1111 
1104 1105 1113 
1104 1113 1112 
1105 1106 1114 
1105 1114 1113 
1106 1107 1115 
1106 1115 1114 
1107 1108 1116 
1107 1116 1115 
1108 1109 1117 
1108 1117 1116 
1109 1110 1118 
1109 1118 1117 
1110 1111 1119 
1110 1119 1118 
1111 1104 1112 
1111 1112 1119 
1112 1113 1121 
1112 1121 1120 
1113 1114 1122 
1113 1122 1121 
1114 1115 1123 
1114 1123 1122 
1115 1116 1124 
1115 1124 1123 
1116 1117 1125 
1116 1125 1124 
1117 1118 1126 
1117 1126 1125 
1118 1119 1127 
1118 1127 1126 
1119 1112 1120 
1119 1120 1127 
1120 1121 1129 
1120 1129 1128 
1121 1122 1130 
1121 1130 1129 
1122 1123 1131 
1122 1131 1130 
1123 1124 1132 
1123 1132 1131 
1124 1125 1133 
1124 1133 1132 
1125 1126 1134 
1125 1134 1133 
1126 1127 1135 
1126 1135 1134 
1127 1120 1128 
1127 1128 1135 
1128 1129 1137 
1128 1137 1136 
1129 1130 1138 
1129 1138 1137 
1130 1131 1139 
1130 1139 1138 
1131 1132 1140 
1131 1140 1139 
1132 1133 1141 
1132 1141 1140 
1133 1134 1142 
1133 1142 1141 
1134 1135 1143 
1134 1143 1142 
1135 1128 1136 
1135 1136 1143 
1136 1137 1145 
1136 1145 1144 
1137 1138 1146 
1137 1146 1145 
1138 1139 1147 
1138 1147 1146 
1139 1140 1148 
1139 1148 1147 
1140 1141 1149 
1140 1149 1148 
1141 1142 1150 
1141 1150 1149 
1142 1143 1151 
1142 1151 1150 
1143 1136 1144 
1143 1144 1151 
1144 1145 1153 
1144 1153 1152 
1145 1146 1154 
1145 1154 1153 
1146 1147 1155 
1146 1155 1154 
1147 1148 1156 
1147 1156 1155 
1148 1149 1157 
1148 1157 1156 
1149 1150 1158 
1149 1158 1157 
1150 1151 1159 
1150 1159 1158 
1151 1144 1152 
1151 1152 1159 
1152 1153 1161 
1152 1161 1160 
1153 1154 1162 
1153 1162 1161 
1154 1155 1163 
1154 1163 1162 
1155 1156 1164 
1155 1164 1163 
1156 1157 1165 
1156 1165 1164 
1157 1158 1166 
1157 1166 1165 
1158 1159 1167 
1158 1167 1166 
1159 1152 1160 
1159 1160 1167 
1160 1161 1169 
1160 1169 1168 
1161 1162 1170 
1161 1170 1169 
1162 1163 1171 
1162 1171 1170 
1163 1164 1172 
1163 1172 1171 
1164 1165 1173 
1164 1173 1172 
1165 1166 1174 
1165 1174 1173 
1166 1167 1175 
1166 1175 1174 
1167 1160 1168 
1167 1168 1175 
1168 1169 1177 
1168 1177 1176 
1169 1170 1178 
1169 1178 1177 
1170 1171 1179 
1170 1179 1178 
1171 1172 1180 
1171 1180 1179 
1172 1173 1181 
1172 1181 1180 
1173 1174 1182 
1173 1182 1181 
1174 1175 1183 
1174 1183 1182 
1175 1168 1176 
1175 1176 1183 
1176 1177 1185 
1176 1185 1184 
1177 1178 1186 
1177 1186 1185 
1178 1179 1187 
1178 1187 1186 
1179 1180 1188 
1179 1188 1187 
1180 1181 1189 
1180 1189 1188 
1181 1182 1190 
1181 1190 1189 
1182 1183 1191 
1182 1191 1190 
1183 1176 1184 
1183 1184 1191 
1184 1185 1193 
1184 1193 1192 
1185 1186 1194 
1185 1194 1193 
1186 1187 1195 
1186 1195 1194 
1187 1188 1196 
1187 1196 1195 
1188 1189 1197 
1188 1197 1196 
1189 1190 1198 
1189 1198 1197 
1190 1191 1199 
1190 1199 1198 
1191 1184 1192 
1191 1192 1199 
1192 1193 1201 
1192 1201 1200 
1193 1194 1202 
1193 1202 1201 
1194 1195 1203 
1194 1203 1202 
1195 1196 1204 
1195 1204 1203 
1196 1197 1205 
1196 1205 1204 
1197 1198 1206 
1197 1206 1205 
1198 1199 1207 
1198 1207 1206 
1199 1192 1200 
1199 1200 1207 
0 7 6 
5 4 3 
